-0.50421237945556640625,
-0.18876393139362335205,
-0.02636645175516605377,
-0.28391629457473754883,
-0.13087654113769531250,
-0.11392668634653091431,
-0.35379818081855773926,
-0.30511131882667541504,
-0.29760852456092834473,
-0.69337481260299682617,
-0.11503694206476211548,
-0.61966431140899658203,
-0.70348167419433593750,
-0.36799666285514831543,
-0.51381623744964599609,
-0.49909853935241699219,
-0.39370086789131164551,
-0.50333487987518310547,
-0.49111506342887878418,
-0.53658896684646606445,
-0.56017941236495971680,
-0.76258534193038940430,
-0.77280825376510620117,
-0.41975727677345275879,
0.03018535673618316650,
-0.33431506156921386719,
-0.34035345911979675293,
-0.02425144426524639130,
-0.42549043893814086914,
-0.27354478836059570312,
-0.19610896706581115723,
-0.24530814588069915771,
-0.21632681787014007568,
-0.15036487579345703125,
-0.20419675111770629883,
-0.34080111980438232422,
-0.23292924463748931885,
-0.39638382196426391602,
-0.80493211746215820312,
-0.31510153412818908691,
-0.58598214387893676758,
-0.39910233020782470703,
0.09619938582181930542,
-0.08906450867652893066,
-0.08829891681671142578,
0.03187770023941993713,
-0.02993891574442386627,
-0.61719590425491333008,
-0.18537141382694244385,
-0.53869235515594482422,
-0.60174769163131713867,
-0.27657327055931091309,
-0.50952357053756713867,
-0.58526754379272460938,
-0.63966411352157592773,
-0.30142948031425476074,
-0.47553011775016784668,
-0.43996301293373107910,
-0.55392730236053466797,
-0.51534098386764526367,
-0.61971735954284667969,
-0.55452424287796020508,
-0.40656071901321411133,
-0.46827393770217895508,
-0.35246965289115905762,
0.00648938352242112160,
-0.51984924077987670898,
-0.15539649128913879395,
-0.58102530241012573242,
-0.52464544773101806641,
-0.43813136219978332520,
-0.07824007421731948853,
-0.00753931980580091476,
0.07540351897478103638,
0.09931208193302154541,
0.00120243174023926258,
0.16252081096172332764,
-0.24926969408988952637,
-0.49946081638336181641,
-0.26256352663040161133,
-0.57496488094329833984,
-0.62123566865921020508,
-0.47782209515571594238,
0.23181377351284027100,
-0.27166327834129333496,
0.02223705686628818512,
-0.45706328749656677246,
-0.42543995380401611328,
-0.52285069227218627930,
-0.34923475980758666992,
-0.60687583684921264648,
-0.68834596872329711914,
-0.35700586438179016113,
-0.69557338953018188477,
-0.44727128744125366211,
-0.85429334640502929688,
