0.9821029305
0.9943441153
0.9987974763
0.9880306125
0.9994505048
1.0014252663
1.0118684769
1.0089694262
1.0008205175
1.0026143789
1.0005683899
1.0040955544
0.9997302294
0.9972829223
0.9954016209
1.0045009851
1.0022250414
1.0008819103
0.9856831431
0.9820826054
1.0344609022
0.9821143150
1.0030438900
1.0113356113
1.0165181160
1.0154213905
0.9999135733
1.0046747923
1.0039730072
0.9938721061
0.9941356182
0.9945716262
0.9872184396
1.0047439337
1.0078939199
1.0043610334
1.0095769167
1.0067192316
0.9959290028
1.0065345764
0.9967941642
0.9954003096
0.9918596148
0.9916102290
1.0033444166
1.0007340908
0.9872790575
0.9936000109
0.9982959032
0.9954774380
0.9934164882
1.0048410892
1.0140964985
0.9817169309
0.9897618890
1.0058065653
0.9978599548
1.0035934448
1.0148539543
0.9876199365
1.0062700510
0.9836781025
1.0027534962
0.9959290624
0.9814940095
1.0080456734
0.9958563447
0.9925050139
0.9922429323
0.9962628484
1.0035207272
0.9880260825
1.0016928911
1.0100476742
1.0031757355
1.0076919794
0.9857203960
1.0019941330
1.0080054998
1.0046055317
1.0226404667
1.0043709278
0.9911379814
1.0023114681
1.0243897438
1.0022376776
0.9983095527
0.9809882641
0.9827327132
1.0031020641
0.9803140163
0.9821941853
0.9820709229
1.0100935698
1.0014259815
0.9914116263
1.0072253942
1.0019508600
0.9873861670
0.9987821579
1.0057520866
1.0138233900
1.0167475939
1.0001747608
1.0002297163
1.0008131266
0.9897099137
0.9900863171
0.9891658425
1.0082347393
1.0089218616
1.0029509068
0.9738145471
0.9756491780
1.0102952719
0.9984285831
0.9918594956
1.0023765564
1.0200432539
0.9772014618
0.9845843315
0.9925508499
0.9997955561
1.0024304390
1.0084120035
1.0106664896
1.0161638260
1.0051126480
1.0001568794
1.0041651726
0.9975109696
0.9962390065
1.0025128126
0.9878828526
0.9954273105
0.9975851178
0.9944385290
0.9978312254
1.0024732351
0.9836142659
1.0030077696
0.9926952720
0.9977277517
0.9576192498
0.9945188165
1.0005248785
0.9951396585
0.9982947707
1.0119121075
0.9871838093
1.0035811663
0.9850966930
0.9956043363
1.0041193962
0.9942092299
0.9851751924
0.9953628778
1.0066931248
0.9830321670
1.0041424036
0.9852792025
0.9821449518
1.0044646263
0.9975119233
1.0070278645
0.9858248830
0.9893363714
0.9958987236
0.9921558499
0.9880109429
0.9802435637
0.9761464000
0.9822110534
0.9817984104
0.9773672223
0.9863868952
1.0078518391
0.9924885631
0.9994179606
0.9959025979
1.0032989979
1.0064765215
0.9956487417
1.0002053976
0.9866226912
1.0068669319
0.9943816662
1.0044081211
0.9925373793
0.9852095246
0.9888347387
0.9746523499
0.9924827814
0.9895508289
1.0124475956
1.0000194311
1.0066975355
0.9870108962
0.9920807481
0.9938130379
0.9937458038
0.9896703959
1.0043681860
1.0013804436
0.9992392659
1.0178461075
0.9957242012
1.0025137663
0.9839689136
0.9905840158
0.9935854673
0.9983043075
0.9923364520
1.0016496181
0.9888234138
0.9899760485
1.0012873411
0.9912776947
0.9976496696
1.0268491507
1.0006965399
1.0056931973
1.0124541521
0.9930733442
0.9944041967
0.9984524250
0.9947814941
0.9938799143
0.9897189736
0.9941801429
0.9966985583
0.9904050231
1.0031174421
1.0058927536
0.9956296682
1.0012395382
0.9895541668
0.9870927334
0.9960194230
0.9880415797
0.9934250116
0.9949428439
0.9955036640
0.9962326288
0.9869891405
0.9906877279
1.0045812130
1.0118489265
0.9930090904
1.0147248507
0.9932119846
0.9985491037
0.9892052412
1.0018539429
0.9976302981
0.9980776310
