0.8848844767
1.0295479298
1.0447020531
1.0054050684
1.0725802183
1.0367114544
0.9478726387
1.0022629499
1.0305504799
1.0757981539
1.0735515356
1.0464229584
0.9979555607
0.9802747369
1.0108098984
1.1422327757
1.0291595459
0.9502863288
0.9520196319
1.0504332781
0.9826369286
1.0001403093
1.0857415199
0.8903119564
1.0506083965
0.8859466910
1.0052267313
1.0479694605
1.0662353039
1.0544049740
1.0093048811
1.0350106955
1.0260235071
1.0010205507
0.9247496128
1.0019297600
1.0590857267
1.0671021938
0.9674554467
1.0669938326
1.0199002028
1.0523717403
1.0654520988
1.0063419342
0.9935603738
0.9502211213
0.9241641760
1.0267133713
1.0684564114
0.9732801914
1.0350575447
0.9796796441
1.0063319206
1.0120434761
0.9527276158
1.1219338179
0.9404447675
1.0856482983
0.9179148078
0.9378803968
0.9717961550
0.9382963181
0.9852994084
1.0565024614
1.0117318630
1.0153169632
0.9540702701
1.0080987215
1.0227087736
0.8910259008
1.0821565390
1.0778206587
1.0388246775
1.0034835339
1.0738527775
1.0298273563
1.0088479519
0.9979412556
0.9388435483
0.9299349189
0.9689244628
1.0395501852
1.0430068970
0.8439325690
0.9518388510
0.9608474374
0.9783980846
0.9810914993
1.0298364162
0.9500006437
1.0271166563
1.0163196325
1.0297424793
0.9971848130
0.9359908700
1.0044689178
0.9699404836
1.0454063416
1.0514099598
0.9984960556
1.0458935499
1.0155584812
1.0913529396
0.9369636178
0.9187136292
1.0163098574
0.9712307453
0.9159537554
0.9859432578
1.0535142422
0.9758011103
1.0643935204
1.0163475275
1.0174312592
1.0168625116
0.9826560616
1.0579460859
1.0064145327
0.9887282252
0.9622654915
1.0111874342
1.0071678162
0.9653599858
1.0091814995
0.9302302599
0.9906339049
0.9734421372
1.0779837370
0.9192442894
1.0821567774
1.0259912014
1.0115921497
1.0358964205
1.1206430197
0.9316448569
1.1041086912
1.0230034590
0.9911882877
1.0222687721
0.9825941324
0.9428792596
1.0880010128
0.9337695241
0.9686388373
1.0371745825
1.0585739613
0.9660975933
0.9969248772
1.0174410343
1.0147049427
1.0053275824
1.0178356171
1.0043435097
1.0184017420
1.0399413109
0.9713937044
1.0147211552
1.0507467985
0.9937753081
1.0395584106
1.1020212173
1.0667405128
0.9740334749
0.9663329124
0.8845671415
1.0431503057
0.9038507342
0.9872887731
0.9402837157
0.9680165648
0.9819205403
0.9218757153
0.8881986141
0.9881450534
0.9124420881
0.9943529963
1.0198364258
0.9463759661
0.9741050601
1.0061507225
0.9850071073
1.0366864204
1.1292254925
1.0464477539
0.9374927878
0.9899932742
1.0573003292
1.0217418671
0.9911890030
1.0045115948
0.9981821775
1.0265306234
1.0292531252
0.9131106734
1.0985604525
1.1019279957
1.1841744184
0.9845479131
1.0539559126
0.9859634638
1.0171663761
0.9589442611
1.0436733961
0.9870667458
0.8753180504
1.0143219233
1.0705287457
1.1683369875
0.9707701802
1.0880210400
1.0111048222
1.1118881702
1.0165826082
1.0491303205
0.9244235158
0.7992876768
1.0495015383
1.0991952419
1.1417965889
1.1252999306
1.0119932890
0.9321411848
1.0914292336
0.9015725255
0.9476399422
1.0446999073
1.0497313738
0.9879270792
0.8353689909
1.0784177780
0.9848312736
0.9898967743
1.0887666941
0.9268288612
0.9706819654
0.9992430806
1.1117219925
1.1266430616
1.0797578096
0.9908502102
0.9868704677
0.8360604644
0.9762321115
1.0952930450
1.0073559284
0.8087831736
0.9001809955
1.0982639790
0.9313960671
1.0130963326
1.0797829628
1.2190637589
0.9333741069
0.8969858885
0.9136825800
0.9357463717
0.9281284213
1.0223152637
1.0417037010
1.0485576391
1.0078874826
0.9714586139
0.9445874095
0.8811821342
1.0403203964
1.0930638313
0.8864549398
0.8165936470
1.0661878586
1.2193211317
1.0890482664
1.0299202204
1.0497874022
0.9105014801
1.0510724783
1.0577841997
1.0657047033
1.0317803621
0.9541043639
0.8962727189
1.0027194023
0.9598847032
1.1523963213
0.9795897603
1.0582954884
0.9188746810
1.0780955553
1.1841105223
0.8960034251
1.0381481647
1.1450369358
1.1260551214
1.0872578621
0.9705510139
1.0446912050
0.8570184112
0.8256828189
0.9297221303
1.0698257685
0.9628042579
0.9905046225
1.0850771666
0.9882979393
1.1071008444
0.9411364198
1.1015133858
1.0551316738
0.9720458388
1.0794442892
1.1452591419
1.1000255346
1.0767889023
1.1232800484
1.0100504160
0.9819391370
1.0885670185
1.0310372114
1.0774799585
1.0288931131
0.9803952575
0.9720974565
1.0592373610
1.0029937029
0.9615625143
1.0065495968
1.0944498777
0.9610850215
0.9464105964
0.9504582286
1.0990449190
1.0827430487
0.9580772519
0.8921226859
1.2186341286
1.0212997198
0.9886545539
1.0350759029
0.7730989456
1.0823236704
0.9961982965
0.9858683348
0.9794993401
0.8570858836
1.0190068483
0.9387290478
1.0422394276
0.9908351302
1.0395673513
0.8953598142
0.9898040295
1.0059456825
0.8812847733
0.9661589265
1.0695971251
1.0218372345
1.1052485704
1.0548989773
1.1255404949
1.0449385643
1.1407335997
1.1453901529
1.0442682505
0.9722502828
0.9650143981
0.8903124928
0.9584592581
0.9153121710
1.0183699131
0.7700837255
1.0522423983
1.1761735678
1.0098446608
0.9909281731
1.0671149492
1.0358648300
1.0914646387
1.1477727890
1.0114357471
0.8980959654
0.8546245694
1.0177762508
0.9718553424
1.0501112938
1.0777444839
