0.515308,
10.652812,
0.000000,
1.813863,
0.000000,
0.000000,
0.000000,
0.000000,
0.000000,
0.000000,
0.000000,
5.000018,
0.000000,
0.000000,
0.000000,
0.000000,
0.000000,
8.307475,
0.000000,
0.000000,
0.000000,
0.000000,
0.000000,
7.231977,
0.000000,
0.000000,
0.000000,
0.000000,
0.000000,
14.315628,
0.000000,
0.000000,
0.000000,
0.000000,
0.000000,
0.000000,
0.000000,
0.000000,
0.000000,
0.000000,
0.000000,
0.000000,
0.000000,
0.000000,
0.000000,
0.000000,
0.000000,
0.000000,
0.000000,
0.000000,
0.000000,
0.000000,
0.000000,
0.000000,
0.000000,
0.000000,
0.000000,
0.000000,
0.000000,
0.000000,
0.000000,
0.000000,
0.000000,
0.000000,
0.000000,
0.000000,
0.000000,
0.000000,
0.000000,
0.000000,
0.000000,
0.000000,
0.000000,
0.000000,
18.448257,
18.448257,
6.835518,
0.000000,
0.000000,
0.388764,
18.448257,
28.489218,
19.270967,
0.000000,
0.000000,
14.615884,
31.573181,
19.629250,
0.000000,
0.000000,
0.000000,
14.615884,
31.573181,
19.629250,
0.000000,
0.000000,
0.000000,
0.000000,
1.839246,
0.000000,
0.000000,
0.000000,
36.469429,
49.167351,
49.167351,
36.063972,
24.914936,
49.283966,
0.000000,
0.000000,
0.000000,
0.000000,
0.000000,
0.000000,
0.000000,
0.000000,
0.000000,
0.000000,
0.000000,
0.000000,
0.000000,
0.000000,
31.089661,
31.089661,
0.000000,
0.000000,
0.000000,
0.000000,
26.686989,
26.686989,
0.000000,
0.000000,
0.000000,
0.000000,
0.000000,
0.000000,
0.000000,
0.000000,
0.000000,
0.000000,
0.000000,
0.000000,
0.000000,
0.000000,
0.000000,
0.000000,
0.000000,
0.000000,
0.000000,
0.000000,
0.000000,
0.000000,
0.000000,
0.000000,
0.000000,
0.000000,
0.000000,
0.000000,
5.246705,
5.246705,
0.000000,
0.000000,
0.000000,
0.000000,
15.677292,
15.677292,
0.000000,
0.000000,
0.000000,
0.000000,
0.000000,
0.000000,
0.000000,
0.000000,
0.000000,
0.000000,
0.000000,
0.000000,
0.000000,
0.000000,
0.000000,
0.000000,
50.227928,
50.227928,
0.000000,
0.000000,
0.000000,
0.000000,
50.227928,
50.227928,
0.000000,
0.000000,
0.000000,
0.000000,
6.411676,
45.772511,
43.836887,
0.000000,
0.000000,
0.000000,
56.013077,
86.572670,
70.403427,
0.000000,
0.000000,
0.000000,
64.542458,
86.572670,
59.708755,
0.000000,
0.000000,
0.000000,
60.056190,
69.667999,
36.082695,
0.000000,
0.000000,
0.000000,
0.000000,
0.000000,
0.000000,
0.000000,
0.000000,
0.000000,
0.000000,
0.000000,
0.000000,
0.000000,
0.000000,
0.000000,
0.000000,
0.000000,
0.000000,
0.000000,
0.000000,
0.000000,
0.000000,
0.000000,
0.000000,
0.000000,
0.000000,
0.000000,
0.000000,
0.000000,
0.000000,
0.000000,
0.000000,
0.000000,
0.000000,
0.000000,
0.000000,
0.000000,
0.000000,
0.000000,
0.000000,
0.000000,
0.000000,
0.000000,
0.000000,
0.000000,
34.015255,
34.015255,
0.000000,
0.000000,
0.000000,
8.646099,
60.511799,
60.511799,
0.000000,
0.000000,
0.000000,
8.021694,
54.092072,
54.092072,
0.000000,
0.000000,
0.000000,
0.000000,
0.000000,
0.000000,
0.000000,
0.000000,
0.000000,
3.381480,
54.899563,
54.899563,
41.794609,
9.388996,
0.000000,
0.000000,
0.075599,
0.075599,
0.000000,
3.414587,
0.000000,
0.000000,
0.000000,
0.000000,
0.000000,
0.000000,
0.000000,
0.000000,
0.000000,
0.000000,
0.000000,
0.000000,
0.000000,
0.000000,
31.285099,
31.285099,
16.040888,
0.000000,
0.000000,
0.000000,
31.285099,
31.285099,
16.040888,
0.000000,
0.000000,
0.000000,
0.000000,
0.000000,
0.000000,
0.000000,
0.000000,
0.000000,
0.000000,
1.457122,
0.000000,
0.000000,
0.000000,
0.000000,
0.000000,
0.000000,
0.000000,
0.000000,
0.000000,
0.000000,
0.000000,
0.000000,
0.000000,
0.000000,
0.000000,
0.000000,
0.000000,
0.000000,
0.000000,
0.000000,
0.000000,
0.000000,
0.000000,
0.000000,
0.000000,
2.312526,
0.000000,
0.000000,
0.000000,
0.000000,
0.000000,
5.810320,
0.000000,
0.000000,
0.000000,
2.053128,
0.000000,
0.000000,
0.000000,
0.000000,
24.214483,
26.010813,
6.379657,
0.000000,
0.000000,
0.000000,
24.214483,
26.010813,
8.102512,
0.000000,
0.000000,
0.000000,
0.000000,
0.000000,
0.000000,
0.000000,
0.000000,
0.000000,
0.000000,
0.000000,
0.000000,
0.000000,
0.000000,
0.000000,
0.000000,
0.000000,
0.000000,
0.000000,
0.000000,
0.000000,
58.738857,
58.738857,
18.993507,
0.000000,
0.000000,
0.000000,
102.946228,
102.946228,
33.897049,
0.000000,
0.000000,
0.000000,
41.225002,
41.225002,
7.843725,
0.000000,
0.000000,
0.000000,
0.000000,
0.000000,
0.000000,
0.000000,
0.000000,
0.000000,
0.000000,
0.440128,
0.000000,
0.000000,
0.000000,
0.000000,
0.000000,
0.000000,
0.000000,
0.000000,
0.000000,
0.000000,
0.000000,
0.000000,
0.000000,
0.000000,
0.000000,
0.000000,
0.000000,
0.000000,
0.000000,
0.000000,
0.000000,
0.000000,
12.792262,
16.828762,
0.000000,
0.000000,
2.031979,
0.000000,
16.644241,
24.898876,
7.433474,
0.000000,
2.031979,
0.000000,
4.548397,
6.793170,
0.000000,
0.000000,
3.370335,
4.983234,
19.582579,
17.576572,
0.000000,
0.000000,
0.000000,
4.846532,
11.629515,
23.188454,
4.193484,
10.417011,
0.000000,
0.000000,
0.000000,
0.000000,
0.000000,
0.000000,
0.000000,
0.000000,
0.000000,
0.000000,
0.000000,
0.000000,
0.000000,
0.000000,
0.000000,
0.000000,
0.000000,
0.000000,
0.000000,
0.000000,
0.000000,
0.000000,
0.000000,
0.000000,
0.000000,
0.000000,
0.000000,
0.000000,
0.000000,
0.000000,
0.000000,
9.239726,
9.239726,
0.000000,
0.000000,
0.000000,
0.000000,
0.000000,
0.000000,
0.000000,
0.000000,
0.000000,
0.000000,
15.209694,
71.724472,
71.724472,
3.704069,
0.000000,
0.000000,
15.291582,
71.724472,
71.724472,
3.704069,
0.000000,
0.000000,
10.104262,
22.727594,
18.604319,
18.604319,
0.000000,
0.000000,
3.369928,
48.615398,
63.996975,
54.478432,
0.000000,
0.000000,
0.000000,
0.000000,
0.000000,
0.000000,
0.000000,
0.000000,
0.000000,
0.000000,
0.000000,
0.000000,
0.000000,
0.000000,
0.000000,
0.000000,
0.000000,
0.000000,
0.000000,
0.000000,
0.000000,
0.000000,
0.000000,
0.000000,
0.000000,
0.000000,
0.000000,
0.000000,
0.000000,
0.000000,
0.000000,
0.000000,
0.000000,
0.000000,
0.000000,
0.000000,
0.000000,
0.000000,
0.000000,
1.936286,
0.000000,
0.000000,
0.000000,
0.000000,
0.000000,
9.316647,
13.363237,
5.659848,
0.000000,
0.000000,
4.282512,
26.534229,
18.798420,
5.659848,
0.000000,
0.000000,
4.282512,
29.085672,
18.798420,
0.000000,
0.000000,
0.000000,
0.000000,
21.529242,
21.529242,
0.000000,
0.000000,
8.583961,
18.206587,
18.206587,
17.024500,
16.756203,
7.626844,
0.000000,
0.000000,
0.000000,
0.000000,
0.000000,
0.000000,
0.000000,
0.000000,
0.000000,
1.641207,
1.641207,
0.000000,
0.000000,
0.000000,
37.164024,
37.164024,
21.447044,
0.000000,
0.000000,
0.000000,
37.164024,
37.164024,
13.177075,
0.000000,
0.000000,
0.000000,
5.279563,
7.945119,
0.000000,
0.000000,
0.000000,
0.000000,
2.168396,
7.945119,
6.926332,
10.798255,
0.000000,
0.000000,
0.000000,
0.000000,
0.000000,
0.000000,
0.000000,
0.000000,
0.000000,
0.000000,
0.000000,
0.000000,
0.000000,
0.000000,
0.000000,
0.000000,
0.000000,
0.000000,
0.000000,
0.000000,
0.000000,
0.000000,
0.000000,
0.000000,
0.000000,
0.000000,
0.000000,
0.000000,
0.000000,
0.000000,
0.000000,
0.000000,
0.000000,
0.000000,
0.000000,
0.000000,
2.491111,
17.269402,
56.941063,
56.941063,
23.223103,
6.666051,
0.000000,
29.705881,
71.939842,
71.939842,
23.223103,
6.853310,
0.000000,
8.517015,
19.657009,
19.657009,
16.982006,
10.230076,
0.000000,
0.000000,
0.000000,
0.000000,
16.982006,
2.420779,
0.000000,
0.000000,
0.000000,
0.000000,
0.000000,
0.000000,
0.000000,
0.000000,
0.000000,
0.000000,
0.000000,
22.290192,
0.000000,
0.000000,
0.000000,
0.000000,
0.000000,
0.000000,
0.000000,
0.000000,
0.000000,
0.000000,
0.000000,
0.000000,
0.000000,
0.000000,
3.130651,
3.130651,
0.000000,
0.000000,
0.000000,
0.000000,
3.130651,
3.130651,
0.000000,
0.000000,
0.000000,
0.000000,
0.000000,
0.000000,
0.000000,
0.000000,
0.000000,
0.000000,
0.000000,
0.000000,
0.000000,
0.000000,
14.147631,
0.000000,
0.000000,
0.000000,
1.962132,
4.010872,
3.484010,
0.000000,
0.000000,
0.000000,
0.000000,
0.000000,
0.000000,
0.000000,
0.000000,
0.000000,
0.000000,
0.000000,
0.000000,
0.000000,
5.828263,
5.828263,
0.000000,
0.000000,
0.000000,
0.000000,
29.856014,
29.856014,
7.408086,
0.000000,
16.226595,
0.555324,
29.856014,
29.856014,
7.408086,
17.123367,
0.000000,
0.000000,
35.839329,
35.839329,
0.000000,
0.000000,
0.000000,
0.000000,
35.839329,
35.839329,
7.513849,
0.000000,
0.000000,
0.000000,
0.000000,
9.470005,
9.470005,
0.000000,
0.000000,
0.000000,
30.622381,
42.307224,
31.134100,
0.000000,
0.000000,
0.000000,
40.099915,
42.307224,
31.134100,
0.000000,
7.704226,
8.865617,
31.970938,
31.970938,
5.430909,
20.860893,
3.225483,
0.000000,
0.000000,
3.962956,
3.962956,
0.000000,
0.000000,
0.000000,
11.701315,
12.179832,
12.179832,
0.000000,
0.000000,
0.000000,
11.701315,
12.179832,
12.179832,
0.000000,
0.000000,
0.000000,
0.000000,
0.000000,
5.520626,
0.000000,
0.000000,
0.000000,
0.000000,
0.741517,
5.520626,
0.000000,
2.909074,
13.045860,
34.671341,
34.671341,
12.833108,
13.100356,
0.000000,
0.000000,
0.000000,
0.000000,
0.000000,
0.000000,
0.000000,
0.000000,
0.000000,
0.000000,
0.000000,
0.000000,
0.000000,
0.000000,
0.000000,
0.000000,
0.000000,
0.000000,
0.000000,
0.000000,
13.201300,
0.191833,
0.000000,
0.000000,
0.000000,
0.000000,
6.694733,
0.000000,
0.000000,
0.000000,
0.000000,
0.000000,
0.000000,
0.000000,
0.000000,
0.000000,
0.000000,
0.000000,
11.993059,
0.000000,
0.000000,
0.000000,
0.000000,
0.000000,
6.101815,
0.000000,
0.000000,
0.000000,
0.000000,
0.000000,
0.000000,
9.413926,
9.413926,
0.000000,
0.000000,
0.000000,
0.000000,
9.413926,
9.413926,
0.000000,
0.000000,
0.000000,
6.539200,
11.956218,
7.564736,
0.000000,
0.000000,
0.000000,
0.000000,
0.000000,
0.000000,
0.000000,
0.000000,
0.000000,
0.000000,
0.000000,
0.000000,
0.000000,
0.000000,
0.000000,
0.000000,
0.000000,
0.000000,
0.000000,
0.000000,
0.000000,
35.471756,
35.471756,
0.000000,
0.000000,
0.000000,
0.000000,
35.471756,
35.471756,
0.000000,
0.000000,
0.000000,
0.000000,
3.183001,
3.183001,
0.000000,
0.000000,
0.000000,
0.000000,
0.000000,
3.703228,
3.703228,
0.000000,
3.921939,
0.000000,
0.000000,
0.000000,
0.000000,
0.000000,
0.000000,
0.000000,
0.000000,
0.000000,
0.000000,
0.000000,
0.000000,
0.000000,
0.000000,
0.000000,
0.000000,
0.000000,
0.000000,
0.000000,
0.000000,
0.000000,
0.000000,
0.000000,
0.000000,
0.000000,
0.000000,
0.000000,
0.000000,
0.000000,
0.000000,
0.000000,
0.000000,
0.000000,
0.000000,
0.000000,
0.000000,
0.000000,
0.000000,
0.000000,
0.000000,
0.423142,
0.000000,
0.000000,
0.000000,
0.000000,
0.000000,
0.000000,
0.000000,
0.000000,
0.000000,
0.000000,
0.000000,
0.000000,
0.000000,
0.000000,
7.979012,
8.814928,
0.000000,
0.000000,
0.000000,
0.000000,
12.460794,
14.908305,
0.000000,
0.000000,
0.000000,
0.000000,
0.000000,
0.000000,
0.000000,
0.000000,
0.000000,
0.000000,
0.000000,
0.000000,
0.000000,
0.000000,
0.000000,
0.000000,
0.000000,
0.000000,
0.000000,
0.000000,
0.000000,
0.000000,
2.599734,
2.599734,
0.000000,
0.000000,
0.000000,
0.000000,
4.564084,
4.564084,
0.000000,
0.000000,
0.000000,
0.000000,
0.000000,
0.000000,
0.000000,
0.000000,
0.000000,
0.000000,
0.000000,
0.000000,
0.000000,
0.000000,
0.000000,
0.000000,
0.000000,
0.000000,
0.000000,
0.000000,
0.000000,
0.000000,
0.000000,
0.000000,
0.000000,
0.000000,
0.000000,
0.000000,
0.000000,
0.000000,
0.000000,
0.000000,
0.000000,
0.000000,
0.000000,
0.000000,
0.000000,
0.000000,
0.000000,
0.000000,
0.000000,
0.000000,
0.000000,
0.000000,
10.304405,
0.000000,
0.000000,
0.000000,
0.704640,
0.704640,
14.676829,
9.524545,
0.000000,
0.000000,
7.925406,
8.087867,
17.529564,
17.909653,
0.000000,
0.000000,
10.706489,
14.174090,
1.725790,
3.178993,
0.000000,
0.000000,
7.063877,
7.365127,
11.308320,
8.952377,
0.000000,
0.000000,
10.206013,
20.330379,
27.181557,
12.338605,
0.000000,
0.000000,
10.206013,
20.330379,
11.112326,
0.000000,
0.000000,
0.000000,
0.000000,
5.987908,
45.974541,
36.757645,
47.607525,
47.607525,
19.684235,
15.428649,
11.997196,
0.000000,
0.000000,
0.000000,
0.549410,
0.000000,
6.078241,
0.000000,
0.000000,
0.000000,
0.000000,
0.000000,
5.875708,
0.000000,
0.000000,
0.000000,
0.000000,
0.000000,
0.000000,
0.000000,
0.000000,
0.000000,
0.000000,
0.000000,
0.000000,
0.000000,
0.000000,
0.000000,
0.000000,
0.000000,
0.000000,
0.000000,
0.000000,
0.000000,
0.000000,
0.000000,
0.000000,
0.000000,
0.000000,
0.000000,
0.000000,
0.000000,
0.000000,
0.000000,
0.000000,
0.000000,
0.000000,
0.000000,
0.000000,
0.000000,
0.000000,
0.000000,
0.000000,
0.000000,
0.000000,
0.000000,
0.000000,
0.000000,
0.000000,
0.000000,
0.000000,
0.000000,
0.000000,
0.000000,
0.000000,
1.067525,
0.000000,
0.000000,
0.000000,
0.000000,
0.000000,
0.000000,
0.000000,
0.000000,
4.782023,
7.442155,
0.000000,
0.000000,
0.000000,
0.000000,
29.705021,
29.705021,
0.000000,
0.000000,
0.000000,
0.000000,
13.044621,
13.044621,
0.000000,
0.000000,
0.000000,
0.000000,
0.000000,
0.000000,
0.000000,
0.000000,
0.000000,
0.000000,
0.000000,
5.159857,
5.159857,
0.000000,
16.166601,
28.713747,
27.186584,
20.968016,
31.086910,
23.567677,
0.000000,
36.727135,
51.414017,
31.382891,
1.268472,
0.000000,
0.000000,
21.535473,
40.397110,
37.042877,
0.000000,
0.000000,
0.000000,
22.491417,
46.066505,
37.042877,
4.858650,
0.000000,
0.000000,
10.639533,
32.750084,
32.750084,
4.629422,
0.000000,
0.000000,
11.406377,
32.750084,
32.750084,
8.388599,
0.000000,
0.000000,
0.000000,
0.000000,
0.000000,
0.000000,
0.000000,
0.000000,
0.000000,
0.000000,
0.000000,
0.000000,
0.000000,
0.000000,
0.000000,
0.000000,
0.000000,
0.000000,
0.000000,
0.000000,
0.000000,
19.423168,
10.597644,
0.000000,
0.000000,
0.000000,
0.000000,
24.127892,
24.127892,
0.000000,
0.000000,
0.000000,
0.000000,
24.127892,
24.127892,
0.000000,
0.000000,
24.634109,
10.132186,
0.000000,
0.000000,
5.789598,
29.061045,
0.000000,
0.000000,
0.000000,
0.000000,
0.000000,
0.165341,
0.000000,
0.000000,
0.000000,
0.000000,
0.000000,
0.165341,
2.394892,
0.000000,
0.000000,
0.000000,
0.000000,
0.000000,
2.394892,
0.000000,
0.000000,
0.000000,
0.000000,
0.000000,
6.197957,
13.727839,
13.727839,
10.412037,
21.582575,
30.150240,
0.000000,
0.000000,
22.612000,
0.830571,
0.000000,
0.000000,
0.000000,
16.331512,
71.277885,
71.277885,
0.000000,
0.000000,
0.000000,
1.125398,
28.267036,
27.095430,
0.000000,
0.000000,
0.000000,
1.125398,
28.267036,
28.011425,
4.436002,
0.000000,
0.000000,
0.000000,
40.613922,
40.613922,
4.774548,
0.000000,
13.760816,
4.892167,
32.448032,
32.448032,
1.303118,
0.000000,
0.000000,
0.000000,
0.000000,
0.000000,
0.000000,
0.000000,
0.000000,
0.000000,
0.000000,
0.000000,
0.000000,
0.000000,
0.000000,
0.000000,
0.000000,
0.000000,
0.000000,
0.000000,
0.000000,
0.000000,
0.000000,
0.000000,
0.000000,
0.000000,
0.000000,
0.000000,
0.000000,
0.000000,
0.000000,
0.000000,
0.000000,
0.000000,
0.000000,
0.000000,
0.000000,
0.000000,
0.000000,
0.000000,
0.000000,
0.000000,
0.000000,
0.000000,
0.000000,
0.000000,
0.000000,
0.000000,
0.000000,
0.000000,
0.000000,
0.000000,
0.000000,
0.000000,
0.000000,
0.000000,
0.000000,
0.000000,
0.000000,
0.000000,
0.000000,
0.000000,
0.000000,
0.000000,
0.000000,
0.000000,
0.000000,
0.000000,
0.000000,
0.000000,
5.662417,
2.468250,
0.000000,
0.000000,
0.000000,
0.000000,
0.000000,
0.000000,
0.000000,
0.000000,
0.000000,
0.000000,
0.000000,
0.000000,
0.000000,
0.000000,
0.000000,
0.000000,
13.893453,
13.893453,
0.000000,
0.000000,
0.000000,
0.000000,
13.893453,
13.893453,
0.000000,
0.000000,
0.000000,
0.000000,
0.000000,
0.000000,
0.000000,
0.000000,
0.000000,
0.000000,
0.000000,
0.000000,
0.000000,
0.000000,
0.000000,
0.000000,
0.000000,
0.000000,
0.000000,
0.000000,
0.000000,
0.000000,
0.000000,
0.000000,
0.000000,
0.000000,
0.000000,
0.000000,
0.000000,
0.000000,
0.000000,
0.000000,
0.000000,
0.000000,
0.000000,
0.000000,
0.000000,
0.000000,
0.000000,
0.000000,
0.000000,
0.000000,
0.000000,
0.000000,
0.000000,
0.000000,
8.918442,
0.000000,
0.000000,
0.000000,
0.000000,
0.000000,
45.111336,
45.111336,
0.000000,
0.000000,
0.000000,
0.000000,
54.159775,
54.550568,
14.599797,
0.000000,
0.000000,
0.000000,
25.741705,
25.741705,
9.517593,
0.000000,
0.000000,
0.000000,
3.700217,
7.144009,
1.381817,
0.000000,
0.000000,
0.000000,
9.150596,
21.750574,
5.914718,
0.000000,
0.466588,
0.000000,
16.030634,
21.750574,
5.914718,
4.631952,
0.000000,
0.000000,
0.000000,
0.000000,
0.000000,
0.000000,
0.000000,
0.000000,
0.000000,
0.000000,
0.000000,
0.000000,
0.000000,
0.000000,
0.000000,
0.000000,
0.000000,
0.000000,
0.000000,
0.000000,
0.000000,
0.000000,
0.000000,
0.000000,
0.000000,
0.000000,
0.000000,
0.000000,
0.000000,
0.000000,
0.000000,
0.561405,
0.561405,
0.000000,
0.000000,
0.000000,
0.000000,
0.000000,
0.000000,
0.000000,
0.000000,
0.000000,
0.000000,
0.000000,
0.000000,
0.000000,
0.000000,
0.000000,
0.000000,
0.000000,
54.781933,
54.781933,
0.000000,
0.000000,
0.000000,
0.000000,
54.781933,
54.781933,
0.000000,
0.000000,
0.000000,
0.000000,
0.000000,
0.000000,
0.000000,
0.000000,
0.000000,
0.000000,
0.000000,
0.000000,
0.000000,
0.000000,
0.000000,
0.000000,
0.000000,
0.000000,
0.000000,
0.000000,
0.000000,
0.000000,
0.000000,
0.000000,
0.000000,
0.000000,
0.000000,
0.000000,
0.000000,
0.000000,
0.000000,
0.000000,
0.000000,
0.000000,
0.000000,
0.000000,
0.000000,
0.000000,
0.000000,
0.000000,
0.000000,
0.000000,
0.000000,
0.000000,
0.000000,
0.000000,
0.000000,
0.000000,
0.000000,
0.000000,
0.000000,
0.000000,
3.561653,
3.561653,
0.000000,
10.911811,
0.000000,
0.000000,
24.789461,
24.789461,
0.000000,
24.707056,
18.603315,
26.279375,
13.672656,
13.672656,
0.000000,
34.205875,
18.603315,
28.646564,
0.000000,
0.000000,
0.000000,
25.875662,
3.268334,
28.646564,
0.000000,
0.000000,
0.000000,
8.752481,
7.990630,
12.083274,
0.000000,
0.000000,
17.540884,
10.896989,
0.000000,
0.000000,
0.000000,
0.000000,
0.000000,
0.000000,
0.000000,
16.316969,
39.075581,
33.698696,
0.000000,
0.000000,
0.000000,
16.316969,
39.075581,
33.698696,
0.286759,
0.000000,
0.000000,
0.000000,
0.000000,
0.000000,
0.000000,
0.000000,
0.000000,
0.000000,
21.330740,
21.330740,
0.000000,
0.000000,
0.000000,
0.000000,
41.997967,
41.997967,
0.000000,
0.000000,
0.000000,
0.000000,
16.288485,
0.205964,
0.000000,
1.658761,
0.000000,
0.000000,
16.288485,
0.205964,
0.000000,
0.000000,
0.000000,
0.000000,
0.501913,
0.000000,
0.000000,
0.000000,
0.000000,
0.000000,
0.501913,
0.000000,
0.000000,
0.000000,
0.000000,
0.000000,
9.948124,
9.948124,
0.000000,
0.000000,
1.800102,
0.406245,
6.379991,
6.379991,
0.000000,
0.000000,
0.000000,
0.000000,
6.877420,
0.091305,
0.000000,
0.000000,
0.000000,
0.000000,
0.000000,
0.000000,
0.000000,
0.000000,
0.000000,
0.000000,
0.000000,
0.000000,
0.000000,
0.000000,
0.000000,
0.000000,
0.000000,
0.000000,
0.000000,
0.000000,
0.000000,
0.000000,
0.000000,
0.000000,
0.000000,
0.000000,
0.000000,
0.000000,
0.000000,
0.000000,
0.000000,
2.401436,
0.000000,
0.000000,
0.000000,
0.000000,
0.000000,
0.000000,
0.000000,
0.000000,
0.000000,
0.000000,
0.000000,
0.000000,
0.000000,
0.000000,
0.000000,
0.000000,
0.000000,
0.000000,
0.000000,
0.000000,
0.000000,
0.000000,
0.000000,
0.000000,
0.000000,
0.000000,
0.000000,
10.200685,
10.200685,
0.000000,
0.000000,
0.000000,
0.000000,
12.814868,
12.814868,
0.000000,
21.704704,
0.000000,
0.000000,
0.000000,
0.000000,
11.402698,
3.420591,
0.000000,
0.000000,
0.000000,
0.000000,
0.000000,
0.000000,
0.000000,
0.000000,
0.000000,
0.000000,
0.000000,
0.000000,
0.000000,
0.000000,
0.000000,
0.000000,
0.000000,
0.000000,
0.000000,
0.000000,
0.000000,
0.000000,
0.000000,
0.000000,
0.000000,
0.000000,
0.000000,
0.000000,
0.000000,
6.832038,
0.000000,
0.000000,
0.000000,
0.000000,
0.000000,
0.000000,
0.000000,
0.000000,
0.000000,
0.000000,
0.000000,
0.000000,
0.000000,
0.000000,
0.000000,
0.000000,
0.000000,
0.000000,
0.000000,
0.000000,
0.000000,
0.000000,
0.000000,
0.000000,
0.000000,
0.000000,
0.000000,
0.000000,
0.000000,
0.000000,
0.000000,
0.000000,
0.000000,
0.000000,
0.000000,
0.000000,
0.000000,
0.000000,
0.000000,
0.000000,
0.000000,
0.000000,
0.000000,
2.713432,
2.713432,
0.000000,
0.000000,
0.000000,
0.698040,
32.715771,
32.715771,
0.000000,
0.000000,
0.000000,
0.698040,
32.715771,
32.715771,
0.000000,
0.000000,
0.000000,
0.000000,
14.239977,
14.239977,
4.270419,
0.000000,
0.000000,
0.000000,
14.964202,
20.784163,
18.636253,
0.000000,
0.000000,
16.220049,
59.763615,
27.474892,
1.663009,
0.000000,
0.000000,
16.220049,
59.763615,
36.164780,
1.663009,
0.000000,
0.000000,
0.000000,
22.034458,
8.602712,
0.000000,
0.000000,
0.000000,
0.000000,
50.778980,
53.817509,
29.514776,
0.000000,
0.000000,
0.000000,
60.076115,
63.680447,
30.872030,
0.000000,
0.000000,
0.000000,
69.680687,
69.680687,
8.948476,
0.000000,
0.000000,
0.000000,
0.000000,
0.000000,
0.000000,
0.000000,
0.000000,
0.000000,
0.000000,
0.000000,
0.000000,
0.000000,
0.000000,
0.000000,
0.000000,
0.000000,
0.000000,
0.000000,
0.000000,
0.000000,
0.000000,
0.000000,
0.000000,
0.000000,
0.000000,
0.000000,
0.000000,
0.000000,
0.000000,
0.000000,
0.000000,
0.000000,
0.000000,
0.000000,
0.000000,
0.000000,
0.000000,
0.000000,
0.000000,
0.000000,
0.000000,
0.000000,
0.000000,
0.000000,
0.000000,
0.000000,
0.000000,
0.000000,
0.000000,
0.000000,
0.000000,
0.000000,
0.000000,
0.000000,
0.000000,
0.000000,
0.000000,
0.000000,
0.000000,
0.000000,
0.000000,
0.000000,
0.000000,
0.000000,
0.000000,
0.000000,
0.000000,
0.000000,
0.000000,
0.000000,
0.000000,
0.000000,
12.728775,
21.770851,
19.509031,
19.509031,
0.000000,
14.259212,
0.000000,
0.000000,
0.000000,
0.000000,
0.000000,
0.000000,
0.000000,
0.000000,
0.000000,
0.000000,
0.000000,
9.394527,
1.375783,
0.000000,
0.000000,
0.000000,
0.000000,
15.243523,
1.872102,
0.000000,
0.000000,
0.000000,
0.000000,
1.527557,
3.165058,
0.000000,
0.000000,
0.000000,
0.000000,
0.000000,
0.000000,
0.000000,
0.000000,
0.000000,
0.000000,
0.000000,
0.000000,
0.000000,
0.000000,
0.000000,
0.000000,
0.000000,
0.000000,
0.000000,
0.000000,
0.000000,
0.000000,
0.000000,
0.000000,
0.000000,
0.000000,
0.000000,
0.000000,
0.000000,
0.000000,
0.000000,
0.000000,
0.000000,
0.000000,
0.000000,
0.000000,
0.000000,
0.000000,
0.000000,
0.000000,
0.000000,
0.000000,
0.000000,
0.866181,
0.000000,
0.000000,
0.000000,
0.000000,
6.707156,
51.776245,
51.776245,
8.642119,
0.000000,
0.000000,
6.707156,
51.776245,
51.776245,
28.079760,
0.000000,
0.000000,
0.000000,
38.017269,
41.705696,
32.005894,
0.000000,
0.000000,
0.000000,
11.860361,
18.210323,
11.361574,
0.000000,
0.000000,
0.000000,
14.025621,
19.565903,
3.986479,
0.000000,
0.000000,
0.000000,
0.000000,
0.000000,
0.000000,
0.000000,
5.547738,
4.565303,
0.000000,
0.000000,
0.000000,
0.000000,
4.784294,
4.565303,
0.000000,
0.000000,
0.000000,
0.000000,
0.000000,
0.000000,
0.000000,
0.000000,
0.000000,
0.000000,
0.000000,
0.000000,
0.000000,
0.000000,
0.000000,
12.198152,
13.284206,
0.000000,
0.000000,
0.000000,
0.713307,
17.683527,
18.835045,
0.000000,
0.000000,
0.000000,
4.913837,
0.000000,
5.357800,
0.000000,
0.000000,
0.000000,
13.424932,
0.000000,
5.357800,
0.000000,
0.000000,
0.000000,
8.529341,
8.529341,
0.000000,
0.000000,
0.000000,
0.000000,
18.634573,
18.634573,
0.000000,
0.000000,
0.000000,
0.000000,
18.634573,
18.634573,
0.000000,
0.000000,
0.000000,
0.000000,
0.000000,
0.000000,
0.000000,
0.616727,
42.093384,
42.093384,
10.252362,
0.000000,
0.000000,
0.000000,
35.584843,
35.584843,
6.710893,
0.000000,
0.000000,
0.000000,
0.000000,
0.000000,
0.000000,
0.000000,
0.000000,
0.000000,
0.000000,
0.000000,
0.000000,
0.000000,
0.000000,
0.000000,
0.000000,
0.000000,
0.000000,
0.000000,
0.000000,
0.000000,
0.000000,
0.000000,
0.000000,
0.000000,
0.000000,
0.000000,
0.000000,
0.000000,
0.000000,
0.000000,
0.000000,
0.000000,
0.000000,
0.000000,
0.000000,
0.000000,
0.000000,
0.000000,
13.733829,
18.886059,
0.000000,
0.000000,
0.000000,
0.000000,
7.082913,
17.290844,
0.000000,
0.000000,
0.000000,
0.000000,
0.000000,
0.000000,
0.000000,
0.000000,
0.000000,
0.000000,
0.000000,
0.000000,
0.000000,
0.000000,
13.721101,
18.603596,
16.171171,
10.383964,
10.383964,
8.634982,
7.466926,
0.000000,
0.000000,
0.000000,
0.000000,
2.678582,
10.425599,
4.951807,
0.000000,
0.000000,
0.000000,
6.257063,
22.837212,
16.766312,
5.639108,
0.000000,
0.000000,
7.684488,
22.160252,
16.766312,
5.639108,
0.000000,
0.000000,
0.000000,
0.000000,
0.000000,
0.000000,
0.000000,
0.000000,
0.000000,
0.000000,
0.000000,
0.000000,
0.000000,
0.000000,
0.000000,
0.000000,
0.000000,
0.000000,
0.000000,
0.000000,
0.000000,
0.000000,
0.000000,
0.000000,
0.000000,
0.000000,
0.000000,
0.000000,
0.000000,
2.023006,
0.000000,
0.000000,
0.000000,
0.000000,
0.000000,
0.000000,
0.000000,
0.000000,
0.000000,
0.000000,
0.000000,
0.000000,
0.000000,
0.000000,
0.000000,
0.000000,
0.000000,
0.000000,
0.000000,
0.000000,
0.000000,
0.000000,
0.000000,
91.214775,
91.214775,
5.551223,
0.000000,
0.000000,
0.000000,
91.214775,
91.214775,
9.202314,
0.000000,
0.000000,
0.000000,
0.000000,
0.000000,
0.000000,
0.000000,
0.000000,
0.000000,
0.000000,
0.000000,
0.000000,
0.000000,
0.000000,
0.000000,
0.000000,
0.000000,
0.000000,
0.000000,
9.868761,
0.000000,
0.000000,
0.000000,
0.000000,
0.000000,
0.000000,
0.000000,
0.000000,
0.000000,
0.000000,
8.325968,
0.000000,
0.000000,
0.000000,
0.000000,
0.000000,
8.325968,
0.000000,
0.000000,
0.000000,
0.000000,
0.000000,
0.000000,
0.000000,
0.000000,
0.000000,
0.000000,
0.000000,
0.000000,
0.000000,
0.000000,
0.000000,
0.000000,
0.000000,
0.000000,
0.000000,
0.000000,
0.000000,
0.000000,
0.000000,
0.000000,
0.000000,
0.000000,
0.000000,
0.000000,
0.000000,
0.000000,
0.000000,
0.000000,
0.000000,
0.000000,
0.000000,
0.000000,
0.000000,
0.000000,
0.000000,
0.000000,
0.000000,
0.000000,
0.000000,
0.000000,
0.000000,
0.000000,
0.000000,
0.000000,
0.000000,
0.000000,
0.000000,
0.000000,
0.000000,
0.000000,
13.593713,
0.000000,
0.000000,
0.000000,
0.000000,
0.000000,
13.593713,
0.000000,
0.000000,
0.000000,
0.000000,
0.000000,
0.000000,
0.000000,
0.000000,
0.000000,
0.000000,
0.000000,
0.000000,
0.000000,
0.000000,
0.000000,
0.000000,
0.000000,
0.000000,
0.000000,
0.000000,
0.000000,
0.000000,
0.000000,
0.000000,
0.000000,
0.000000,
0.000000,
0.000000,
0.000000,
10.049566,
0.000000,
0.000000,
0.000000,
2.572975,
0.000000,
0.000000,
0.000000,
0.000000,
0.000000,
0.000000,
0.000000,
0.000000,
0.000000,
0.000000,
0.000000,
0.000000,
0.000000,
0.000000,
0.000000,
0.000000,
0.000000,
0.000000,
0.000000,
0.000000,
0.000000,
0.000000,
0.000000,
0.000000,
0.000000,
0.000000,
0.000000,
0.000000,
0.000000,
0.000000,
0.000000,
0.000000,
0.000000,
0.000000,
0.000000,
0.000000,
0.000000,
0.000000,
0.000000,
0.000000,
0.000000,
0.000000,
0.000000,
0.000000,
0.000000,
14.294433,
21.915184,
6.262008,
0.000000,
0.000000,
0.000000,
14.294433,
21.915184,
6.262008,
0.000000,
0.000000,
0.000000,
0.000000,
10.361003,
0.000000,
0.000000,
0.000000,
0.000000,
40.926807,
40.926807,
17.803730,
0.000000,
0.000000,
0.000000,
18.272644,
16.454233,
9.516926,
0.000000,
0.000000,
0.000000,
18.272644,
16.454233,
9.516926,
0.000000,
0.000000,
0.000000,
0.000000,
0.000000,
0.000000,
0.000000,
0.000000,
0.000000,
0.000000,
0.000000,
0.000000,
0.000000,
0.000000,
0.000000,
0.000000,
0.000000,
0.000000,
0.000000,
0.000000,
0.000000,
0.000000,
3.043251,
2.269398,
0.000000,
0.000000,
0.000000,
64.481590,
64.481590,
0.978603,
0.000000,
0.000000,
0.000000,
65.929909,
65.929909,
2.564238,
0.000000,
0.000000,
0.000000,
5.218666,
5.218666,
0.000000,
0.000000,
0.000000,
0.000000,
0.000000,
0.000000,
0.000000,
0.000000,
0.000000,
0.000000,
0.000000,
0.000000,
0.000000,
0.000000,
11.631351,
12.882751,
0.000000,
0.000000,
2.957341,
20.695387,
0.000000,
0.000000,
0.000000,
0.000000,
0.000000,
0.000000,
0.000000,
0.000000,
0.000000,
0.000000,
2.196950,
11.565666,
2.152907,
16.079773,
0.000000,
0.000000,
11.430719,
25.860239,
0.000000,
9.059305,
0.000000,
0.000000,
0.000000,
11.097048,
0.000000,
0.000000,
0.000000,
0.000000,
0.000000,
0.000000,
0.000000,
0.000000,
0.000000,
0.000000,
2.545832,
29.736509,
0.000000,
0.000000,
0.000000,
0.000000,
0.000000,
0.000000,
0.000000,
0.000000,
67.413391,
67.413391,
24.402439,
0.000000,
0.000000,
0.000000,
62.308136,
62.308136,
24.402439,
0.000000,
0.000000,
0.000000,
0.000000,
0.000000,
0.000000,
0.000000,
0.000000,
0.000000,
0.000000,
0.000000,
0.000000,
0.000000,
0.000000,
0.000000,
0.000000,
0.000000,
2.013455,
18.863823,
0.000000,
0.000000,
0.000000,
0.000000,
0.000000,
0.000000,
0.000000,
0.000000,
0.000000,
0.000000,
0.000000,
0.000000,
0.000000,
0.000000,
17.316280,
3.890370,
0.000000,
0.000000,
0.000000,
0.000000,
17.316280,
3.890370,
0.000000,
0.000000,
0.000000,
0.000000,
0.000000,
0.000000,
0.000000,
0.000000,
27.606558,
28.080000,
28.080000,
0.000000,
4.580959,
4.580959,
0.000000,
0.000000,
0.000000,
0.000000,
0.000000,
0.000000,
0.000000,
0.000000,
0.000000,
0.000000,
0.000000,
0.000000,
0.000000,
0.000000,
0.000000,
0.000000,
0.000000,
0.000000,
0.000000,
0.000000,
0.000000,
0.000000,
0.000000,
0.000000,
0.000000,
0.000000,
0.000000,
0.000000,
0.000000,
0.000000,
0.000000,
0.000000,
0.000000,
0.000000,
0.000000,
0.000000,
0.000000,
0.000000,
29.833565,
40.789639,
21.633938,
0.000000,
0.000000,
3.953083,
49.149124,
49.149124,
26.438482,
0.000000,
0.000000,
3.953083,
55.940075,
55.940075,
11.344156,
0.000000,
0.000000,
0.000000,
9.632200,
9.632200,
0.000000,
0.000000,
0.000000,
0.000000,
0.000000,
0.000000,
0.000000,
0.000000,
0.000000,
0.000000,
1.836792,
1.836792,
0.000000,
0.000000,
0.000000,
0.000000,
0.000000,
0.000000,
0.000000,
0.000000,
0.000000,
0.000000,
0.000000,
0.000000,
0.000000,
0.000000,
0.000000,
0.000000,
0.000000,
0.000000,
0.000000,
0.000000,
0.000000,
0.000000,
0.000000,
0.000000,
0.000000,
0.000000,
0.000000,
0.000000,
0.000000,
0.000000,
0.000000,
0.000000,
0.000000,
0.000000,
0.000000,
0.000000,
0.000000,
0.000000,
0.000000,
0.000000,
0.000000,
0.000000,
0.000000,
0.000000,
0.000000,
0.000000,
1.847465,
1.847465,
0.000000,
0.000000,
0.000000,
0.000000,
7.027442,
7.027442,
0.000000,
0.000000,
0.000000,
0.000000,
0.000000,
0.000000,
0.000000,
0.000000,
0.000000,
0.000000,
0.000000,
0.000000,
0.000000,
0.000000,
0.000000,
0.000000,
0.000000,
0.000000,
0.000000,
0.000000,
0.000000,
2.451168,
2.451168,
0.599208,
0.000000,
0.262211,
0.000000,
0.000000,
0.000000,
0.000000,
0.000000,
8.848933,
0.000000,
0.000000,
0.000000,
0.000000,
0.000000,
8.848933,
0.000000,
0.000000,
0.000000,
0.000000,
0.000000,
13.196342,
0.000000,
0.000000,
0.000000,
0.000000,
0.000000,
13.196342,
0.000000,
0.000000,
0.000000,
0.000000,
0.000000,
0.000000,
0.000000,
5.446642,
5.446642,
0.000000,
0.000000,
0.000000,
0.000000,
0.000000,
0.000000,
0.000000,
0.000000,
0.000000,
0.000000,
0.000000,
0.000000,
0.000000,
0.000000,
0.000000,
0.000000,
0.000000,
0.000000,
0.000000,
0.000000,
0.000000,
0.000000,
0.000000,
0.000000,
0.000000,
0.000000,
0.000000,
0.000000,
0.000000,
0.000000,
0.000000,
0.000000,
0.000000,
0.000000,
0.000000,
0.000000,
0.000000,
0.000000,
0.000000,
0.000000,
0.000000,
5.658637,
16.406921,
16.406921,
0.000000,
0.000000,
0.000000,
5.658637,
26.354494,
26.354494,
0.000000,
0.000000,
0.000000,
0.000000,
11.672574,
11.672574,
0.000000,
0.000000,
0.000000,
0.000000,
0.000000,
0.000000,
0.000000,
0.000000,
0.000000,
0.000000,
0.000000,
0.000000,
0.000000,
0.000000,
0.000000,
0.000000,
0.000000,
0.000000,
0.000000,
0.000000,
0.000000,
0.000000,
0.000000,
0.000000,
0.000000,
0.000000,
0.000000,
0.000000,
0.000000,
0.000000,
0.000000,
0.000000,
0.000000,
8.208395,
0.000000,
0.000000,
0.000000,
0.000000,
0.000000,
0.000000,
0.000000,
0.000000,
0.000000,
0.000000,
8.788815,
19.979074,
14.954622,
0.000000,
12.136995,
10.101279,
8.238406,
0.000000,
0.000000,
0.000000,
7.119009,
0.000000,
0.000000,
26.687119,
26.687119,
0.000000,
0.000000,
0.000000,
0.000000,
36.619831,
36.619831,
0.000000,
0.000000,
0.000000,
0.000000,
24.327433,
24.327433,
0.000000,
0.000000,
0.000000,
0.000000,
0.000000,
0.000000,
0.000000,
0.000000,
0.000000,
0.000000,
0.000000,
0.000000,
0.000000,
0.000000,
0.000000,
0.000000,
0.000000,
0.000000,
0.000000,
0.000000,
0.000000,
0.000000,
0.000000,
0.000000,
0.000000,
0.000000,
0.000000,
0.000000,
0.000000,
0.000000,
0.000000,
0.000000,
0.000000,
0.000000,
14.971004,
0.383606,
0.000000,
0.000000,
0.000000,
0.000000,
14.971004,
3.412710,
0.000000,
0.000000,
21.312235,
2.374588,
5.928316,
12.452349,
12.452349,
0.000000,
0.000000,
0.000000,
37.072281,
37.072281,
0.000000,
0.000000,
0.000000,
0.000000,
37.072281,
37.072281,
0.000000,
0.000000,
0.000000,
0.000000,
0.000000,
0.000000,
0.000000,
0.000000,
0.000000,
0.000000,
0.000000,
0.000000,
0.000000,
0.000000,
0.000000,
0.000000,
8.295660,
22.284994,
8.874754,
0.000000,
0.000000,
0.000000,
38.223312,
52.554741,
23.488764,
0.000000,
0.000000,
0.000000,
0.000000,
0.000000,
0.000000,
0.000000,
0.000000,
0.000000,
0.000000,
0.000000,
0.000000,
0.000000,
0.000000,
0.000000,
7.590749,
0.000000,
0.000000,
0.000000,
0.000000,
0.000000,
7.948640,
7.948640,
0.000000,
0.000000,
0.000000,
0.000000,
0.000000,
0.000000,
0.000000,
0.000000,
0.000000,
0.000000,
0.000000,
9.244916,
9.244916,
0.000000,
23.513189,
3.121566,
0.000000,
0.000000,
0.000000,
0.000000,
0.768451,
0.000000,
1.385832,
2.674228,
0.000000,
0.000000,
0.000000,
0.000000,
38.915024,
38.915024,
0.000000,
0.000000,
0.000000,
0.000000,
38.915024,
38.915024,
0.000000,
0.000000,
0.000000,
0.000000,
6.137260,
6.137260,
0.000000,
0.000000,
0.000000,
0.000000,
0.089351,
3.846170,
1.540412,
0.000000,
0.000000,
0.000000,
0.000000,
0.000000,
0.000000,
0.000000,
0.000000,
0.000000,
48.425316,
48.425316,
0.575479,
0.000000,
0.000000,
0.000000,
48.425316,
48.425316,
0.575479,
0.000000,
0.000000,
0.000000,
0.000000,
0.000000,
0.000000,
0.000000,
0.000000,
0.000000,
0.000000,
0.000000,
0.000000,
0.000000,
7.832967,
6.628386,
3.160881,
0.000000,
0.000000,
7.977073,
52.200726,
45.393074,
9.468463,
13.149635,
19.393847,
39.108829,
4.429213,
0.000000,
0.000000,
8.991853,
14.452990,
0.000000,
4.429213,
1.938150,
5.804405,
0.000000,
8.642305,
0.000000,
0.000000,
1.938150,
5.804405,
0.000000,
6.261331,
6.261331,
0.000000,
0.000000,
0.000000,
0.000000,
7.490573,
6.261331,
0.000000,
0.000000,
0.000000,
0.000000,
0.000000,
0.000000,
0.000000,
0.000000,
0.000000,
0.000000,
0.000000,
0.000000,
0.000000,
0.000000,
0.000000,
0.000000,
0.000000,
0.000000,
0.000000,
0.000000,
0.000000,
0.000000,
0.000000,
0.000000,
0.000000,
0.000000,
0.000000,
0.000000,
0.000000,
0.000000,
0.000000,
0.000000,
0.000000,
0.000000,
0.000000,
0.000000,
0.000000,
0.000000,
0.000000,
0.000000,
0.000000,
0.000000,
8.078982,
0.000000,
0.000000,
0.000000,
0.000000,
9.767118,
15.963761,
21.191525,
21.191525,
0.000000,
0.000000,
12.083657,
15.963761,
16.580353,
23.536760,
23.750996,
10.818919,
12.083657,
3.294311,
0.000000,
35.774227,
35.774227,
1.574334,
0.000000,
6.397755,
0.966332,
57.941689,
57.941689,
1.073843,
0.000000,
15.825732,
10.581154,
57.941689,
57.941689,
0.000000,
0.000000,
0.000000,
0.000000,
0.000000,
0.000000,
0.000000,
0.000000,
0.000000,
0.000000,
0.000000,
0.000000,
0.000000,
0.000000,
0.000000,
0.000000,
0.000000,
0.000000,
0.000000,
0.000000,
0.000000,
0.000000,
0.000000,
0.000000,
0.000000,
0.000000,
0.000000,
0.000000,
0.000000,
0.000000,
0.000000,
0.000000,
0.000000,
0.000000,
0.000000,
0.000000,
0.000000,
2.493510,
7.604031,
0.000000,
0.000000,
0.000000,
0.000000,
11.706635,
0.000000,
0.000000,
0.000000,
0.000000,
0.000000,
0.000000,
0.000000,
0.000000,
0.000000,
0.000000,
0.000000,
0.000000,
0.000000,
0.000000,
0.000000,
0.000000,
0.000000,
0.000000,
0.000000,
0.000000,
0.000000,
0.000000,
0.000000,
0.000000,
0.000000,
0.000000,
3.410771,
3.410771,
0.000000,
0.000000,
4.335667,
3.569486,
0.000000,
0.000000,
0.000000,
13.499202,
0.000000,
3.313128,
22.655451,
22.655451,
0.000000,
0.000000,
0.000000,
7.811425,
35.238430,
35.238430,
3.468175,
0.000000,
0.000000,
1.064466,
23.785133,
23.785133,
2.805840,
0.000000,
0.000000,
0.000000,
14.101101,
14.101101,
0.000000,
0.000000,
0.000000,
0.000000,
0.000000,
0.000000,
0.000000,
11.001228,
0.000000,
0.000000,
0.000000,
6.338783,
0.000000,
0.000000,
0.000000,
0.000000,
0.000000,
0.000000,
0.000000,
0.000000,
0.000000,
0.000000,
0.000000,
0.000000,
0.000000,
0.000000,
0.000000,
0.000000,
0.000000,
0.000000,
0.000000,
0.000000,
0.000000,
0.000000,
0.000000,
0.000000,
16.866337,
42.228832,
13.865346,
0.000000,
0.000000,
0.000000,
16.866337,
42.228832,
47.557442,
69.006180,
55.564896,
83.925987,
27.885677,
62.639668,
11.556810,
17.710205,
0.000000,
0.000000,
12.913825,
30.433941,
11.556810,
10.694454,
0.000000,
0.000000,
2.614796,
16.690937,
10.087933,
15.425921,
6.105530,
2.536096,
1.758839,
39.175735,
10.087933,
13.774333,
11.563059,
6.042505,
5.944146,
48.029102,
10.064692,
7.819103,
7.607121,
6.042505,
2.363093,
22.942188,
18.294039,
6.579815,
6.579815,
0.000000,
0.000000,
19.073689,
0.000000,
0.000000,
0.000000,
0.000000,
0.000000,
0.000000,
0.000000,
0.000000,
0.000000,
7.788196,
7.788196,
0.000000,
0.000000,
0.000000,
0.000000,
7.788196,
7.788196,
0.000000,
0.000000,
0.000000,
0.000000,
0.000000,
0.000000,
0.000000,
0.000000,
0.000000,
0.000000,
0.000000,
0.000000,
0.000000,
0.000000,
0.000000,
11.758941,
0.000000,
0.000000,
0.000000,
0.000000,
0.000000,
0.000000,
0.000000,
0.000000,
0.000000,
0.000000,
0.000000,
1.003954,
0.000000,
0.000000,
0.000000,
0.000000,
0.000000,
1.003954,
0.000000,
0.000000,
0.000000,
0.000000,
0.000000,
0.000000,
0.000000,
1.729041,
3.887569,
36.609921,
41.055573,
30.192492,
10.293797,
60.068138,
66.362556,
0.000000,
0.000000,
0.000000,
0.000000,
0.000000,
0.000000,
0.000000,
0.000000,
0.000000,
0.000000,
0.000000,
0.000000,
0.000000,
0.000000,
0.000000,
0.000000,
0.000000,
0.000000,
0.000000,
0.000000,
0.000000,
0.000000,
0.000000,
0.000000,
0.000000,
0.000000,
0.000000,
0.000000,
0.000000,
0.000000,
0.000000,
0.000000,
0.000000,
0.000000,
0.000000,
0.000000,
0.000000,
0.000000,
0.000000,
0.000000,
0.000000,
0.000000,
0.000000,
0.000000,
0.000000,
0.000000,
0.000000,
0.000000,
0.000000,
0.000000,
0.000000,
0.000000,
0.000000,
0.000000,
0.000000,
0.000000,
3.899415,
12.523522,
12.523522,
0.000000,
0.000000,
0.000000,
3.899415,
11.458417,
7.419063,
0.000000,
0.000000,
0.000000,
0.000000,
0.000000,
0.000000,
0.000000,
25.485683,
17.309273,
0.000000,
0.000000,
0.000000,
18.884277,
32.287598,
32.287193,
0.000000,
0.000000,
0.521990,
30.362686,
34.818005,
21.964867,
0.000000,
0.000000,
0.000000,
20.435505,
34.818005,
21.964867,
0.000000,
0.000000,
0.000000,
13.546924,
29.579670,
27.150635,
0.000000,
0.000000,
4.176459,
21.067249,
29.579670,
27.150635,
0.000000,
0.000000,
0.319876,
17.243469,
0.000000,
0.000000,
20.868992,
20.868992,
0.000000,
0.000000,
0.000000,
0.000000,
20.868992,
20.868992,
0.000000,
2.903263,
0.000000,
0.000000,
0.000000,
0.000000,
0.000000,
2.903263,
0.000000,
0.000000,
0.960349,
0.960349,
0.000000,
0.000000,
0.000000,
0.000000,
0.000000,
0.000000,
0.000000,
0.000000,
16.037512,
9.329222,
0.000000,
0.000000,
30.062206,
35.752548,
0.000000,
0.000000,
13.909988,
13.909988,
0.000000,
0.000000,
0.000000,
0.000000,
13.909988,
13.909988,
5.163940,
0.000000,
0.000000,
0.000000,
26.271862,
31.475124,
29.234341,
0.000000,
0.000000,
0.000000,
40.335754,
48.747955,
32.140003,
0.000000,
0.000000,
0.000000,
28.301380,
50.336983,
33.223511,
0.000000,
0.000000,
0.000000,
19.254915,
40.738556,
27.697220,
0.000000,
0.000000,
0.000000,
14.500572,
0.000000,
0.000000,
0.000000,
0.000000,
37.573353,
106.316757,
106.316757,
30.501411,
0.000000,
0.000000,
37.573353,
106.316757,
106.316757,
66.132507,
0.000000,
0.000000,
0.000000,
52.050594,
73.747238,
66.132507,
0.000000,
0.000000,
0.000000,
49.015575,
61.923565,
47.045788,
0.000000,
0.000000,
0.000000,
53.975918,
70.969757,
46.236389,
0.000000,
0.000000,
0.000000,
4.533763,
0.000000,
0.000000,
0.000000,
0.000000,
0.000000,
0.000000,
1.805774,
1.805774,
0.000000,
0.000000,
0.000000,
7.076779,
25.318733,
25.318733,
0.000000,
0.000000,
0.000000,
12.224653,
25.318733,
25.318733,
0.000000,
0.000000,
0.000000,
12.224653,
12.224653,
11.301813,
0.000000,
0.000000,
0.000000,
0.564979,
0.564979,
0.000000,
0.000000,
2.137362,
0.000000,
0.000000,
0.000000,
0.000000,
0.000000,
0.000000,
0.000000,
0.000000,
0.000000,
0.000000,
0.000000,
0.000000,
0.000000,
0.000000,
0.000000,
0.000000,
0.000000,
0.000000,
0.000000,
0.000000,
0.000000,
0.000000,
0.000000,
0.000000,
0.000000,
0.000000,
0.000000,
0.000000,
0.000000,
0.000000,
0.000000,
0.000000,
0.000000,
0.000000,
0.000000,
0.000000,
0.000000,
0.000000,
5.527306,
5.527306,
0.000000,
0.000000,
0.000000,
0.000000,
21.025457,
21.025457,
0.000000,
0.000000,
0.000000,
0.000000,
12.604857,
12.604857,
0.000000,
0.000000,
0.000000,
0.000000,
0.000000,
0.000000,
0.000000,
0.000000,
0.000000,
0.000000,
0.000000,
0.000000,
0.000000,
0.000000,
0.000000,
0.000000,
0.000000,
0.000000,
0.000000,
0.000000,
0.000000,
0.000000,
0.000000,
0.000000,
0.000000,
0.000000,
0.000000,
0.000000,
0.000000,
0.000000,
0.000000,
0.000000,
0.000000,
0.000000,
0.000000,
0.000000,
0.000000,
0.000000,
0.000000,
0.000000,
0.000000,
0.000000,
0.000000,
0.000000,
0.000000,
0.000000,
0.000000,
0.000000,
0.000000,
0.000000,
0.000000,
0.000000,
0.000000,
0.000000,
0.000000,
0.000000,
0.000000,
34.312702,
34.312702,
14.572715,
0.000000,
0.000000,
0.000000,
34.312702,
35.701778,
18.822199,
0.000000,
0.000000,
0.000000,
20.469215,
20.469215,
16.744471,
0.000000,
0.000000,
0.000000,
15.201269,
15.201269,
12.701324,
0.000000,
0.000000,
0.000000,
6.167799,
13.470313,
12.701324,
0.000000,
3.154552,
0.000000,
6.486408,
10.316440,
17.260540,
13.731744,
0.000000,
0.000000,
0.000000,
0.000000,
0.000000,
0.000000,
0.000000,
0.000000,
17.869202,
17.869202,
0.000000,
0.000000,
0.000000,
0.000000,
35.284290,
35.284290,
0.000000,
0.000000,
0.000000,
0.000000,
17.812283,
17.812283,
0.000000,
0.000000,
0.000000,
0.000000,
0.000000,
0.000000,
0.000000,
0.000000,
0.000000,
0.000000,
20.549870,
20.549870,
7.395207,
0.000000,
0.000000,
3.054632,
0.000000,
2.299744,
0.000000,
0.000000,
0.000000,
0.000000,
0.000000,
0.000000,
0.000000,
0.000000,
0.000000,
0.770417,
0.000000,
0.000000,
0.000000,
0.000000,
0.000000,
13.464800,
13.464800,
0.000000,
0.000000,
0.000000,
0.000000,
20.091475,
20.091475,
0.000000,
0.000000,
0.000000,
0.000000,
1.239014,
0.000000,
0.000000,
0.000000,
0.000000,
0.000000,
0.000000,
64.715225,
64.715225,
21.927864,
0.000000,
0.000000,
0.000000,
64.715225,
64.715225,
21.927864,
0.000000,
0.000000,
0.000000,
0.000000,
13.352584,
13.352584,
0.000000,
0.000000,
0.000000,
0.000000,
24.518778,
24.518778,
0.000000,
0.000000,
0.000000,
0.000000,
0.000000,
0.000000,
0.000000,
0.000000,
4.744755,
0.000000,
0.000000,
0.000000,
24.016632,
0.000000,
0.000000,
0.000000,
0.000000,
0.000000,
0.000000,
0.000000,
0.000000,
0.000000,
0.000000,
0.000000,
0.000000,
0.000000,
0.000000,
0.000000,
0.000000,
0.000000,
0.000000,
0.000000,
0.000000,
22.788488,
22.788488,
0.000000,
0.000000,
0.000000,
0.000000,
22.788488,
22.788488,
0.000000,
0.000000,
0.000000,
0.000000,
5.675021,
5.675021,
0.000000,
0.000000,
0.000000,
13.029428,
10.934928,
0.000000,
0.000000,
4.973638,
0.000000,
0.000000,
0.000000,
0.000000,
0.000000,
0.000000,
0.000000,
0.000000,
0.000000,
0.000000,
0.000000,
0.000000,
0.000000,
0.772354,
0.772354,
0.000000,
0.000000,
0.000000,
0.000000,
0.772354,
0.772354,
0.000000,
0.000000,
0.000000,
0.000000,
0.000000,
0.000000,
0.000000,
0.000000,
0.000000,
9.213751,
19.610657,
5.564729,
15.434506,
0.000000,
18.804302,
1.493291,
7.843881,
0.000000,
0.000000,
0.000000,
1.034156,
0.000000,
0.000000,
0.000000,
0.000000,
5.420842,
7.945762,
7.713028,
0.013320,
0.000000,
0.000000,
0.000000,
0.000000,
26.019224,
21.502089,
21.502089,
0.000000,
0.000000,
7.377818,
26.019224,
16.773308,
16.773308,
0.000000,
0.000000,
0.000000,
0.000000,
0.000000,
11.060959,
16.589233,
1.936811,
0.000000,
0.000000,
0.000000,
47.010559,
52.047897,
24.052492,
0.000000,
0.000000,
0.000000,
11.227045,
18.794247,
3.192257,
0.000000,
0.000000,
0.000000,
0.000000,
0.000000,
0.000000,
0.000000,
0.000000,
0.000000,
0.000000,
0.000000,
0.000000,
0.000000,
0.000000,
17.047249,
17.047249,
5.384388,
23.640633,
41.470844,
32.762596,
18.145102,
5.108088,
8.026179,
16.204828,
10.977499,
13.168806,
0.000000,
0.000000,
0.000000,
0.000000,
0.000000,
11.748891,
0.000000,
0.000000,
0.000000,
0.000000,
0.000000,
6.695116,
0.000000,
0.000000,
0.000000,
0.000000,
10.413046,
29.537846,
22.528049,
22.528049,
0.000000,
15.824120,
10.413046,
8.282597,
0.000000,
6.152469,
0.000000,
0.597807,
0.000000,
0.000000,
0.000000,
0.000000,
0.000000,
0.000000,
0.000000,
0.000000,
0.000000,
0.000000,
0.000000,
0.000000,
0.000000,
0.000000,
0.000000,
0.000000,
0.000000,
0.000000,
0.000000,
0.000000,
0.000000,
18.015526,
30.268467,
9.907600,
0.000000,
0.000000,
0.000000,
30.279631,
38.000801,
9.907600,
0.000000,
0.000000,
0.000000,
11.489829,
17.807634,
0.514164,
0.000000,
0.000000,
0.715254,
10.734962,
0.000000,
0.000000,
0.000000,
9.842232,
0.000000,
0.000000,
0.000000,
0.000000,
0.000000,
9.842232,
0.000000,
0.000000,
0.000000,
0.000000,
0.000000,
0.000000,
0.000000,
0.000000,
0.000000,
0.000000,
0.000000,
0.000000,
0.000000,
0.000000,
0.000000,
0.000000,
0.000000,
0.000000,
0.000000,
0.000000,
0.000000,
0.000000,
3.771910,
50.758217,
50.758217,
58.375843,
58.375843,
31.705328,
52.947731,
39.642780,
17.441444,
0.000000,
0.000000,
7.482793,
45.889942,
39.642780,
17.441444,
0.000000,
0.000000,
7.482793,
45.889942,
31.194799,
9.171523,
9.171523,
0.000000,
15.994407,
49.907982,
39.574669,
9.171523,
9.171523,
0.000000,
15.994407,
49.907982,
24.055315,
0.000000,
15.334925,
15.334925,
0.000000,
0.000000,
0.000000,
0.000000,
0.000000,
0.000000,
0.000000,
0.000000,
0.000000,
0.000000,
1.348944,
1.348944,
0.000000,
0.000000,
0.000000,
0.000000,
0.000000,
0.000000,
0.000000,
0.000000,
0.000000,
0.000000,
2.742835,
2.742835,
0.000000,
0.000000,
0.000000,
0.000000,
15.274993,
15.274993,
4.517106,
0.000000,
0.000000,
0.000000,
16.151890,
16.151890,
7.090864,
0.000000,
0.000000,
0.000000,
1.266125,
0.000000,
0.000000,
0.000000,
0.000000,
0.000000,
0.000000,
0.000000,
0.000000,
0.000000,
0.000000,
0.000000,
24.104136,
24.104136,
0.000000,
0.000000,
0.000000,
0.000000,
24.104136,
24.104136,
0.000000,
0.000000,
0.000000,
0.000000,
0.000000,
0.000000,
0.000000,
0.000000,
0.000000,
0.000000,
0.000000,
0.000000,
0.000000,
0.000000,
0.000000,
0.000000,
35.976585,
31.807570,
10.522815,
0.000000,
0.000000,
0.000000,
35.976585,
31.807570,
11.003286,
0.000000,
0.000000,
0.000000,
37.155922,
37.155922,
17.951153,
0.000000,
0.000000,
0.000000,
37.155922,
37.155922,
17.951153,
0.000000,
0.000000,
0.000000,
32.251549,
32.251549,
0.000000,
0.000000,
16.124632,
12.421668,
12.421668,
1.907575,
0.000000,
0.000000,
0.000000,
0.000000,
0.000000,
0.000000,
0.000000,
0.000000,
0.000000,
0.000000,
0.000000,
0.000000,
0.000000,
11.695973,
6.957338,
14.110643,
0.000000,
0.000000,
0.000000,
11.695973,
6.957338,
9.221565,
0.000000,
0.000000,
0.000000,
0.000000,
3.425620,
0.000000,
0.000000,
0.000000,
0.000000,
0.000000,
27.715069,
39.022503,
21.315317,
0.000000,
44.049953,
67.640564,
0.000000,
0.000000,
0.000000,
0.000000,
0.000000,
0.000000,
0.000000,
0.000000,
18.556999,
18.556999,
0.000000,
0.000000,
0.000000,
0.000000,
29.100451,
29.100451,
10.447294,
0.000000,
0.000000,
0.000000,
10.944479,
14.821045,
3.719556,
0.000000,
0.000000,
0.000000,
0.000000,
0.000000,
0.000000,
0.000000,
0.000000,
0.000000,
0.000000,
18.396469,
18.396469,
0.000000,
0.000000,
0.000000,
0.000000,
0.000000,
0.000000,
0.000000,
0.000000,
34.807762,
202.979095,
202.979095,
72.194557,
0.000000,
0.000000,
34.807762,
202.979095,
202.979095,
72.194557,
0.000000,
0.000000,
0.000000,
0.000000,
0.000000,
0.000000,
0.000000,
0.000000,
0.000000,
0.000000,
0.000000,
0.000000,
0.000000,
0.000000,
0.000000,
0.000000,
0.000000,
0.000000,
0.000000,
0.000000,
0.000000,
25.951847,
6.322864,
6.322864,
0.000000,
0.000000,
0.000000,
0.000000,
2.480015,
1.769188,
0.000000,
0.000000,
0.000000,
27.649426,
27.649426,
0.000000,
0.000000,
0.000000,
0.000000,
27.649426,
27.649426,
0.000000,
0.000000,
0.000000,
0.000000,
12.634137,
30.566032,
30.566032,
0.000000,
0.000000,
0.000000,
19.406998,
40.015137,
40.015137,
0.000000,
0.000000,
23.420439,
23.420439,
43.752888,
43.752888,
0.000000,
0.000000,
9.097125,
9.455021,
43.752888,
43.752888,
0.000000,
0.000000,
0.000000,
0.000000,
0.000000,
0.000000,
0.000000,
0.000000,
0.000000,
0.000000,
0.000000,
0.000000,
0.000000,
0.000000,
0.000000,
0.000000,
0.000000,
0.000000,
0.000000,
0.000000,
0.000000,
0.000000,
0.000000,
0.000000,
0.000000,
0.000000,
0.000000,
37.731274,
11.288734,
24.183243,
0.000000,
0.000000,
0.000000,
16.987026,
11.288734,
11.288734,
0.000000,
0.000000,
0.000000,
0.000000,
0.000000,
0.000000,
0.000000,
0.000000,
0.000000,
0.000000,
0.000000,
0.000000,
0.000000,
0.000000,
0.000000,
0.000000,
0.000000,
0.000000,
0.000000,
0.454025,
0.000000,
2.365472,
8.211915,
29.486538,
0.000000,
0.000000,
0.000000,
0.000000,
0.000000,
0.000000,
0.000000,
0.000000,
0.000000,
0.000000,
0.000000,
0.000000,
0.000000,
0.000000,
0.000000,
0.000000,
0.000000,
0.000000,
0.000000,
0.000000,
0.000000,
0.000000,
0.000000,
0.000000,
0.000000,
0.000000,
0.000000,
0.000000,
0.000000,
0.000000,
0.000000,
0.000000,
0.000000,
0.000000,
0.000000,
0.000000,
0.000000,
0.000000,
0.000000,
0.000000,
0.000000,
0.000000,
0.000000,
0.000000,
0.000000,
0.000000,
0.000000,
0.000000,
0.000000,
0.000000,
0.000000,
0.000000,
0.000000,
0.000000,
0.000000,
0.000000,
0.000000,
0.000000,
0.000000,
0.000000,
0.000000,
0.000000,
0.000000,
0.000000,
0.000000,
0.000000,
0.000000,
0.000000,
0.000000,
0.000000,
0.000000,
0.000000,
0.000000,
0.000000,
0.000000,
27.093365,
27.093365,
0.000000,
0.000000,
0.000000,
5.117970,
86.664818,
86.664818,
0.019309,
0.000000,
0.000000,
5.117970,
86.664818,
86.664818,
0.000000,
0.000000,
0.000000,
0.000000,
0.000000,
0.000000,
0.000000,
0.000000,
0.000000,
0.000000,
26.880491,
59.199005,
59.199005,
0.000000,
0.000000,
0.000000,
79.724403,
106.254562,
101.864151,
0.000000,
0.000000,
0.000000,
0.000000,
0.000000,
0.000000,
0.000000,
0.000000,
0.000000,
48.814346,
48.814346,
0.000000,
0.000000,
0.000000,
0.000000,
77.135460,
77.135460,
0.000000,
0.000000,
0.000000,
0.000000,
17.804686,
17.804686,
0.000000,
0.000000,
0.000000,
0.000000,
0.000000,
0.000000,
0.000000,
0.000000,
0.000000,
0.000000,
0.000000,
0.000000,
0.000000,
0.000000,
0.000000,
13.227160,
13.227160,
0.000000,
0.000000,
0.000000,
0.000000,
0.000000,
23.382778,
23.382778,
0.000000,
0.000000,
0.000000,
0.000000,
23.382778,
23.382778,
0.000000,
0.000000,
0.000000,
0.000000,
0.000000,
0.000000,
0.000000,
0.000000,
0.000000,
0.000000,
0.000000,
0.000000,
0.000000,
0.000000,
0.000000,
0.000000,
0.000000,
0.000000,
0.000000,
0.000000,
0.000000,
6.622394,
6.622394,
2.231535,
3.659758,
0.000000,
0.000000,
0.000000,
0.000000,
0.000000,
2.459504,
0.000000,
0.000000,
0.000000,
0.000000,
0.000000,
0.000000,
0.000000,
0.000000,
0.000000,
0.000000,
0.000000,
0.000000,
0.000000,
0.000000,
0.000000,
0.000000,
0.000000,
0.000000,
0.000000,
0.000000,
0.000000,
0.000000,
0.000000,
0.000000,
0.000000,
0.000000,
0.000000,
0.000000,
0.000000,
0.000000,
0.000000,
0.000000,
0.000000,
0.000000,
0.000000,
0.000000,
0.000000,
0.000000,
0.000000,
13.474362,
10.249194,
0.000000,
0.000000,
0.000000,
0.000000,
8.934952,
0.000000,
0.000000,
0.000000,
0.000000,
0.000000,
16.114824,
16.114824,
0.000000,
0.000000,
0.000000,
0.000000,
43.960560,
43.960560,
8.659800,
0.000000,
0.000000,
25.322874,
25.322874,
27.169552,
27.169552,
0.000000,
0.000000,
0.000000,
0.000000,
27.169552,
27.169552,
0.000000,
0.000000,
0.000000,
0.000000,
0.000000,
0.000000,
0.000000,
0.000000,
0.000000,
0.000000,
0.000000,
0.000000,
0.000000,
0.000000,
0.000000,
24.234230,
34.491783,
4.131540,
0.000000,
0.000000,
0.000000,
42.235416,
42.650005,
4.131540,
0.000000,
0.000000,
0.000000,
0.000000,
0.000000,
0.000000,
0.150563,
0.000000,
0.000000,
0.000000,
0.000000,
0.000000,
0.000000,
0.000000,
4.138375,
0.000000,
0.000000,
0.000000,
0.000000,
0.000000,
0.000000,
0.000000,
0.000000,
3.623530,
3.623530,
0.000000,
2.340980,
2.340980,
0.000000,
17.660915,
17.660915,
5.701963,
24.540628,
24.540628,
16.310814,
18.811140,
17.198004,
0.026374,
0.000000,
0.000000,
0.000000,
0.000000,
0.000000,
0.000000,
0.000000,
0.000000,
0.000000,
0.000000,
0.000000,
0.000000,
0.000000,
0.000000,
0.000000,
0.000000,
0.000000,
0.000000,
0.000000,
0.000000,
0.000000,
0.000000,
0.000000,
0.000000,
0.000000,
0.000000,
0.000000,
0.000000,
0.000000,
0.000000,
0.000000,
0.000000,
0.000000,
0.000000,
0.000000,
0.000000,
22.384760,
38.993851,
36.380760,
23.828989,
0.000000,
0.000000,
28.677097,
40.115616,
40.115616,
23.828989,
0.000000,
0.000000,
28.677097,
40.115616,
40.115616,
29.784782,
0.000000,
0.000000,
3.809485,
3.809485,
6.362530,
6.362530,
0.000000,
0.000000,
0.000000,
0.000000,
4.062491,
0.000000,
0.000000,
0.000000,
9.592779,
30.230043,
30.230043,
3.695280,
0.000000,
0.000000,
97.624542,
147.682236,
109.597855,
109.597855,
0.000000,
0.000000,
36.962051,
58.628620,
109.597855,
109.597855,
0.000000,
0.000000,
0.000000,
0.000000,
0.000000,
0.000000,
0.000000,
0.000000,
0.000000,
0.000000,
0.000000,
0.000000,
0.000000,
0.000000,
0.000000,
0.000000,
0.000000,
0.000000,
0.000000,
0.000000,
0.000000,
23.283468,
23.283468,
18.261478,
0.000000,
0.000000,
101.989792,
147.977402,
119.639282,
32.910618,
0.000000,
0.000000,
101.989792,
147.977402,
139.398956,
36.359764,
0.000000,
0.000000,
12.627254,
12.627254,
0.000000,
5.572020,
0.000000,
0.000000,
14.161954,
14.161954,
0.000000,
0.759641,
0.000000,
0.000000,
0.000000,
1.597515,
0.000000,
0.000000,
0.000000,
7.524240,
0.000000,
0.260260,
0.000000,
9.547456,
0.000000,
0.000000,
0.000000,
12.095989,
12.095989,
0.000000,
0.000000,
0.000000,
0.000000,
0.159347,
0.000000,
0.000000,
0.000000,
0.000000,
0.000000,
0.000000,
0.000000,
0.000000,
0.000000,
0.000000,
0.000000,
0.000000,
0.000000,
0.000000,
0.000000,
0.000000,
0.000000,
0.000000,
0.000000,
0.000000,
0.000000,
0.000000,
0.000000,
0.000000,
0.000000,
0.000000,
0.000000,
0.000000,
0.000000,
0.000000,
0.000000,
0.000000,
0.000000,
0.000000,
25.768234,
25.768234,
0.000000,
0.000000,
0.000000,
0.000000,
12.217989,
12.217989,
0.000000,
0.000000,
0.000000,
0.000000,
8.480324,
8.480324,
0.000000,
0.000000,
0.000000,
0.000000,
8.480324,
8.480324,
0.000000,
2.829040,
2.829040,
0.000000,
15.379024,
16.524017,
0.000000,
0.000000,
0.000000,
0.000000,
0.000000,
0.000000,
0.000000,
0.000000,
0.000000,
0.000000,
0.000000,
0.000000,
0.000000,
0.000000,
0.000000,
0.000000,
0.000000,
0.000000,
0.000000,
0.000000,
0.000000,
0.000000,
0.000000,
0.000000,
0.000000,
0.000000,
0.000000,
0.000000,
0.000000,
0.000000,
0.000000,
0.000000,
0.000000,
0.000000,
0.000000,
0.000000,
0.000000,
0.000000,
0.000000,
0.000000,
0.000000,
0.000000,
0.000000,
0.000000,
0.000000,
0.000000,
0.000000,
0.000000,
0.000000,
0.000000,
0.000000,
0.000000,
0.000000,
0.000000,
0.000000,
0.000000,
0.000000,
0.000000,
0.000000,
0.000000,
0.000000,
0.000000,
0.000000,
0.000000,
0.000000,
0.000000,
0.000000,
0.000000,
0.000000,
5.498324,
9.981888,
48.853783,
49.844990,
49.844990,
2.990736,
0.000000,
0.000000,
0.000000,
0.000000,
0.000000,
0.000000,
0.000000,
24.715656,
94.758865,
94.758865,
0.000000,
0.000000,
0.000000,
24.715656,
94.758865,
94.758865,
0.000000,
0.000000,
0.000000,
0.000000,
0.000000,
0.000000,
0.000000,
0.000000,
0.000000,
0.000000,
0.000000,
0.000000,
0.000000,
0.000000,
0.000000,
0.000000,
0.000000,
0.000000,
0.000000,
0.000000,
0.000000,
8.294708,
8.294708,
7.830330,
26.352577,
0.000000,
0.000000,
9.051945,
9.051945,
7.830330,
26.352577,
0.000000,
0.000000,
4.308791,
4.308791,
0.000000,
12.908768,
0.000000,
0.000000,
0.000000,
0.000000,
0.000000,
33.392933,
22.863131,
0.000000,
0.000000,
0.000000,
18.650864,
56.038219,
31.184959,
0.000000,
0.000000,
4.301612,
21.366096,
54.619801,
10.701778,
0.000000,
0.000000,
0.000000,
0.000000,
0.000000,
0.000000,
0.000000,
0.000000,
0.000000,
0.000000,
0.000000,
0.000000,
0.000000,
0.000000,
0.000000,
0.000000,
0.000000,
0.000000,
0.000000,
0.000000,
0.000000,
0.000000,
0.000000,
0.000000,
0.000000,
0.000000,
0.000000,
0.000000,
0.000000,
0.000000,
0.000000,
0.000000,
0.000000,
0.000000,
0.000000,
0.000000,
0.000000,
0.000000,
0.000000,
0.000000,
0.000000,
0.000000,
0.000000,
0.000000,
0.000000,
0.000000,
0.000000,
0.000000,
0.000000,
0.000000,
0.000000,
7.596247,
0.000000,
0.000000,
0.000000,
0.000000,
0.000000,
7.198498,
0.000000,
0.441631,
0.000000,
0.000000,
0.000000,
0.000000,
0.000000,
0.000000,
2.139753,
0.000000,
0.000000,
0.000000,
0.000000,
3.963670,
0.000000,
0.000000,
35.651176,
35.651176,
0.000000,
0.000000,
0.000000,
25.912300,
244.185181,
244.185181,
90.147079,
0.000000,
0.000000,
25.912300,
244.185181,
244.185181,
90.147079,
0.000000,
0.000000,
0.000000,
7.369601,
0.000000,
0.000000,
0.000000,
0.000000,
0.000000,
0.000000,
24.960278,
24.960278,
0.000000,
0.000000,
0.000000,
38.527367,
66.451729,
66.451729,
0.000000,
0.000000,
0.000000,
0.000000,
0.000000,
0.000000,
0.000000,
0.000000,
2.459844,
2.964494,
0.000000,
0.000000,
0.000000,
0.000000,
0.000000,
0.000000,
0.000000,
0.000000,
0.000000,
0.000000,
0.000000,
0.000000,
0.000000,
0.000000,
0.000000,
0.000000,
0.000000,
6.470382,
23.199265,
23.199265,
0.000000,
0.000000,
0.000000,
53.985081,
60.702042,
60.702042,
0.000000,
0.000000,
0.000000,
4.675064,
5.746019,
0.000000,
12.179781,
0.000000,
0.000000,
14.247787,
14.247787,
0.000000,
0.000000,
0.000000,
0.000000,
0.000000,
0.000000,
0.000000,
0.000000,
0.000000,
0.000000,
0.000000,
0.000000,
0.000000,
0.000000,
0.000000,
0.000000,
0.000000,
0.000000,
0.000000,
0.000000,
12.366530,
10.044289,
27.055340,
27.055340,
13.877691,
20.033220,
0.000000,
0.000000,
0.000000,
0.000000,
0.000000,
0.000000,
0.000000,
0.000000,
0.000000,
0.000000,
0.000000,
0.000000,
0.000000,
0.000000,
0.000000,
0.000000,
0.000000,
0.000000,
0.000000,
0.000000,
0.000000,
0.000000,
0.000000,
0.000000,
0.000000,
0.000000,
0.000000,
0.000000,
0.000000,
0.000000,
0.000000,
0.000000,
0.000000,
0.000000,
0.000000,
0.000000,
0.000000,
0.000000,
0.000000,
0.000000,
0.000000,
0.000000,
0.000000,
0.000000,
0.000000,
0.000000,
0.000000,
0.000000,
0.000000,
0.000000,
0.000000,
0.000000,
0.000000,
0.000000,
0.000000,
0.000000,
0.000000,
0.000000,
0.000000,
0.000000,
0.000000,
0.000000,
0.000000,
0.000000,
0.000000,
0.000000,
26.214920,
16.075638,
0.000000,
12.649869,
40.271896,
2.779930,
8.598454,
113.739342,
171.350296,
169.827499,
118.120796,
11.937956,
0.000000,
113.739342,
171.350296,
169.827499,
118.120796,
0.000000,
0.000000,
0.094703,
7.775931,
11.964897,
0.399492,
0.000000,
0.000000,
0.000000,
0.000000,
0.000000,
0.000000,
0.000000,
0.000000,
0.000000,
0.000000,
0.000000,
0.000000,
0.000000,
0.000000,
0.000000,
0.000000,
0.000000,
0.000000,
0.000000,
0.000000,
0.000000,
12.357427,
12.357427,
13.912202,
0.000000,
0.000000,
41.806507,
84.193100,
81.130028,
19.957474,
0.000000,
0.000000,
41.806507,
84.193100,
81.130028,
0.000000,
0.000000,
0.000000,
0.000000,
0.000000,
0.000000,
0.000000,
0.000000,
0.000000,
0.000000,
1.063789,
7.792029,
4.769137,
0.000000,
0.000000,
0.000000,
40.694561,
45.633583,
36.276474,
0.000000,
0.000000,
14.596198,
14.596198,
3.530914,
0.000000,
0.000000,
0.000000,
11.578524,
11.578524,
3.530914,
0.000000,
0.000000,
0.000000,
0.000000,
0.000000,
0.000000,
0.000000,
0.000000,
0.000000,
0.000000,
0.000000,
0.000000,
0.000000,
0.000000,
0.000000,
0.000000,
0.000000,
0.000000,
0.000000,
0.000000,
16.766832,
3.829392,
3.829392,
0.000000,
0.000000,
0.000000,
0.000000,
3.644840,
6.926651,
0.293462,
15.570622,
0.000000,
0.000000,
0.000000,
0.000000,
0.000000,
0.000000,
0.000000,
0.000000,
11.645212,
19.025537,
10.132552,
0.000000,
0.000000,
0.000000,
5.302086,
17.738142,
3.901679,
0.000000,
0.000000,
0.000000,
0.000000,
0.000000,
0.000000,
0.000000,
0.000000,
0.000000,
0.000000,
0.000000,
0.000000,
0.000000,
0.000000,
0.000000,
0.000000,
0.000000,
0.000000,
0.000000,
0.000000,
0.000000,
0.000000,
0.000000,
0.000000,
0.000000,
0.000000,
0.000000,
0.000000,
72.458138,
72.458138,
8.913004,
0.000000,
0.000000,
0.000000,
72.458138,
72.458138,
8.913004,
0.000000,
0.000000,
0.000000,
22.771759,
39.391205,
28.752218,
0.000000,
0.000000,
0.000000,
48.352505,
123.025162,
123.025162,
0.000000,
0.000000,
0.000000,
0.000000,
0.000000,
0.000000,
0.000000,
0.000000,
38.319221,
153.396820,
153.396820,
19.691113,
0.000000,
0.000000,
38.319221,
153.396820,
153.396820,
19.691113,
0.000000,
0.000000,
0.000000,
0.000000,
0.000000,
0.000000,
0.000000,
0.000000,
0.000000,
0.000000,
0.000000,
0.000000,
0.000000,
0.000000,
0.000000,
0.000000,
0.000000,
0.000000,
0.000000,
0.000000,
0.000000,
0.000000,
0.000000,
0.000000,
0.000000,
0.000000,
0.000000,
27.067053,
27.067053,
0.000000,
0.000000,
0.000000,
0.000000,
39.863419,
39.863419,
0.000000,
0.000000,
0.000000,
0.000000,
9.578592,
9.578592,
0.000000,
0.000000,
0.000000,
0.000000,
0.000000,
0.000000,
0.000000,
0.000000,
0.000000,
0.000000,
19.299755,
0.000000,
0.000000,
0.000000,
0.000000,
5.496006,
5.496006,
0.000000,
0.000000,
0.000000,
0.000000,
0.000000,
52.976799,
52.976799,
0.000000,
0.000000,
0.000000,
0.000000,
52.976799,
52.976799,
10.009509,
0.000000,
0.000000,
0.000000,
7.127702,
3.108549,
0.000000,
0.000000,
0.000000,
0.000000,
0.000000,
0.000000,
0.000000,
0.000000,
0.000000,
0.000000,
0.000000,
0.000000,
0.000000,
0.000000,
0.000000,
0.000000,
0.000000,
0.000000,
0.000000,
0.000000,
0.000000,
0.000000,
0.000000,
0.000000,
0.000000,
0.000000,
0.000000,
0.000000,
0.000000,
0.000000,
0.000000,
0.000000,
0.000000,
0.000000,
0.000000,
0.000000,
0.000000,
0.000000,
0.000000,
0.000000,
0.000000,
0.000000,
0.000000,
0.000000,
0.000000,
0.000000,
20.460775,
20.460775,
4.899455,
0.000000,
0.000000,
0.000000,
0.000000,
0.000000,
0.000000,
0.000000,
0.000000,
0.000000,
0.000000,
0.000000,
0.000000,
0.000000,
0.000000,
0.000000,
0.000000,
0.000000,
0.000000,
0.000000,
0.000000,
0.000000,
0.000000,
0.000000,
0.000000,
0.000000,
0.000000,
0.000000,
0.000000,
0.000000,
0.000000,
0.000000,
0.000000,
0.000000,
0.000000,
0.000000,
0.000000,
0.000000,
0.000000,
57.101254,
57.101254,
28.692966,
28.692966,
0.000000,
0.000000,
18.283215,
18.283215,
9.348290,
9.348290,
0.000000,
0.000000,
6.504316,
6.504316,
9.348290,
9.348290,
0.000000,
0.000000,
0.000000,
0.000000,
0.000000,
0.000000,
0.000000,
0.000000,
0.000000,
4.873811,
6.898782,
6.898782,
0.000000,
0.000000,
13.916320,
58.939716,
60.123669,
37.140839,
0.000000,
0.000000,
0.000000,
0.000000,
0.000000,
0.000000,
0.000000,
0.000000,
0.000000,
0.000000,
0.000000,
0.000000,
0.000000,
0.000000,
0.000000,
0.000000,
0.000000,
0.000000,
0.000000,
0.000000,
0.000000,
0.000000,
0.000000,
0.000000,
0.000000,
0.000000,
0.000000,
0.000000,
0.000000,
0.000000,
0.000000,
0.000000,
0.000000,
0.000000,
0.000000,
0.000000,
0.000000,
0.000000,
0.000000,
16.279476,
16.279476,
0.000000,
0.000000,
11.702969,
0.000000,
0.000000,
0.000000,
0.000000,
0.000000,
11.702969,
0.000000,
0.000000,
0.000000,
0.000000,
0.000000,
0.000000,
0.000000,
0.000000,
0.000000,
0.000000,
0.000000,
17.640303,
0.000000,
0.000000,
0.000000,
0.000000,
1.378175,
17.640303,
3.384988,
7.465109,
7.465109,
0.000000,
8.894792,
0.000000,
89.391006,
89.391006,
42.710800,
42.710800,
0.000000,
0.000000,
0.000000,
0.000000,
0.000000,
0.000000,
0.000000,
0.000000,
0.000000,
0.000000,
40.631931,
40.631931,
0.000000,
0.000000,
0.000000,
9.721529,
71.446526,
71.446526,
0.000000,
0.000000,
0.000000,
6.280970,
64.641327,
64.641327,
0.000000,
0.000000,
0.000000,
0.000000,
29.644754,
29.644754,
0.000000,
0.000000,
0.000000,
20.678717,
20.678717,
0.000000,
0.000000,
0.000000,
33.882961,
81.703384,
72.082901,
0.000000,
0.000000,
0.000000,
27.531132,
71.196899,
56.989624,
0.000000,
0.000000,
0.000000,
1.510596,
81.533676,
81.679581,
49.689758,
0.000000,
0.000000,
1.510596,
81.533676,
90.463661,
49.689758,
0.000000,
0.000000,
0.000000,
58.163052,
63.279282,
6.452900,
0.000000,
0.000000,
0.000000,
0.000000,
0.000000,
0.000000,
0.000000,
0.000000,
0.000000,
0.000000,
0.000000,
0.000000,
0.000000,
0.000000,
0.000000,
0.000000,
0.000000,
0.000000,
0.000000,
0.000000,
0.000000,
0.000000,
0.000000,
0.000000,
0.000000,
0.000000,
0.000000,
0.000000,
0.000000,
0.000000,
0.000000,
0.000000,
5.519277,
0.000000,
0.000000,
0.000000,
0.000000,
0.000000,
21.409969,
96.358635,
58.975277,
0.000000,
0.000000,
0.000000,
5.879436,
63.902084,
58.975277,
0.000000,
0.000000,
0.000000,
0.000000,
0.000000,
0.000000,
0.000000,
0.000000,
0.000000,
0.000000,
0.000000,
0.000000,
0.000000,
0.000000,
0.000000,
0.000000,
0.000000,
0.000000,
0.000000,
0.000000,
0.000000,
0.000000,
0.000000,
0.000000,
0.000000,
0.000000,
0.000000,
0.000000,
2.599235,
8.048876,
0.000000,
0.000000,
0.000000,
0.000000,
2.599235,
8.048876,
5.313008,
0.000000,
0.000000,
0.000000,
0.000000,
0.000000,
0.000000,
0.000000,
0.000000,
0.000000,
0.000000,
0.000000,
0.000000,
0.000000,
0.000000,
0.000000,
0.000000,
0.000000,
0.000000,
0.000000,
0.000000,
0.000000,
0.000000,
0.000000,
0.000000,
0.000000,
0.000000,
0.000000,
36.942368,
51.376282,
18.289415,
0.000000,
0.000000,
0.000000,
73.658478,
103.178085,
42.125820,
0.000000,
0.000000,
0.000000,
73.658478,
101.729279,
38.217976,
0.000000,
0.000000,
0.000000,
0.000000,
0.000000,
0.000000,
0.000000,
0.000000,
0.000000,
0.000000,
11.040668,
11.040668,
0.000000,
0.000000,
0.000000,
0.000000,
11.040668,
11.040668,
0.000000,
0.000000,
0.000000,
0.000000,
0.000000,
0.000000,
10.056596,
0.000000,
0.000000,
0.000000,
0.000000,
0.000000,
3.211268,
0.000000,
0.000000,
0.000000,
0.000000,
0.000000,
4.270198,
1.613681,
0.000000,
0.000000,
0.000000,
0.000000,
4.270198,
4.379012,
0.000000,
0.000000,
0.000000,
0.000000,
0.000000,
0.000000,
0.000000,
0.000000,
0.000000,
0.000000,
0.000000,
0.000000,
0.000000,
0.000000,
0.233850,
0.000000,
0.000000,
0.000000,
0.000000,
0.000000,
0.000000,
0.000000,
0.000000,
0.000000,
0.000000,
0.000000,
1.406317,
0.000000,
0.000000,
0.000000,
0.000000,
0.000000,
1.406317,
0.145767,
0.000000,
0.000000,
0.000000,
0.000000,
33.581039,
33.581039,
0.000000,
0.000000,
0.000000,
0.000000,
33.581039,
33.581039,
0.000000,
0.000000,
0.000000,
0.621326,
0.621326,
0.000000,
0.000000,
0.000000,
0.000000,
0.000000,
0.000000,
0.000000,
0.000000,
0.000000,
0.000000,
0.000000,
0.000000,
12.811871,
0.000000,
0.000000,
0.000000,
0.000000,
0.000000,
0.000000,
0.000000,
0.000000,
0.576507,
14.789262,
0.000000,
0.000000,
0.000000,
0.000000,
26.268650,
43.018456,
6.139376,
0.000000,
0.000000,
0.000000,
0.000000,
0.000000,
0.000000,
0.000000,
0.000000,
0.000000,
0.000000,
0.000000,
0.000000,
0.000000,
0.000000,
0.000000,
0.000000,
0.000000,
0.000000,
0.000000,
0.000000,
0.000000,
0.000000,
0.000000,
0.000000,
0.000000,
0.000000,
0.000000,
0.000000,
0.000000,
0.000000,
0.000000,
0.000000,
0.000000,
0.000000,
0.000000,
0.000000,
0.000000,
0.000000,
0.000000,
0.000000,
42.510139,
42.510139,
9.303211,
0.000000,
0.000000,
0.000000,
42.510139,
42.510139,
9.303211,
0.000000,
0.000000,
0.000000,
0.000000,
32.189636,
32.189636,
0.000000,
0.000000,
0.000000,
0.000000,
41.590374,
41.590374,
0.000000,
0.000000,
0.000000,
0.000000,
16.709515,
16.709515,
0.000000,
22.030819,
38.136013,
29.699245,
0.000000,
28.511070,
39.874874,
0.000000,
0.000000,
0.000000,
0.000000,
0.000000,
0.000000,
0.000000,
0.000000,
0.000000,
0.000000,
0.000000,
0.000000,
0.000000,
0.000000,
0.000000,
0.000000,
0.000000,
0.000000,
0.000000,
0.000000,
0.000000,
0.000000,
0.000000,
0.000000,
0.000000,
0.000000,
0.000000,
0.000000,
0.000000,
0.000000,
0.000000,
0.000000,
4.898933,
4.898933,
0.000000,
0.000000,
0.000000,
0.000000,
0.000000,
0.000000,
0.000000,
0.000000,
0.000000,
0.000000,
0.000000,
0.000000,
0.000000,
0.000000,
0.000000,
0.000000,
0.000000,
0.000000,
0.000000,
0.000000,
0.000000,
0.000000,
0.000000,
0.000000,
0.000000,
0.000000,
0.000000,
0.000000,
0.000000,
0.000000,
0.000000,
0.000000,
12.529311,
0.000000,
0.000000,
0.000000,
0.000000,
0.000000,
0.000000,
0.000000,
10.135660,
5.389425,
0.000000,
0.000000,
0.000000,
7.144162,
41.854279,
41.854279,
1.314406,
0.000000,
0.000000,
0.000000,
21.886711,
21.886711,
0.000000,
0.000000,
0.000000,
0.000000,
0.000000,
0.000000,
0.000000,
0.000000,
0.000000,
0.000000,
0.000000,
0.000000,
0.000000,
0.000000,
13.969760,
23.031639,
39.994682,
37.593636,
21.436998,
0.733523,
0.000000,
7.099381,
7.099381,
12.032521,
12.032521,
0.000000,
0.000000,
3.218802,
2.526997,
0.000000,
0.240434,
0.000000,
0.000000,
4.817630,
2.526997,
0.000000,
0.000000,
0.000000,
0.000000,
0.000000,
0.000000,
0.000000,
0.000000,
0.000000,
0.000000,
0.000000,
0.000000,
0.000000,
0.000000,
0.000000,
0.000000,
5.320293,
10.545663,
0.000000,
0.000000,
0.000000,
0.000000,
0.000000,
51.011776,
54.824295,
37.542892,
0.000000,
0.000000,
21.503260,
89.055161,
93.579544,
45.605564,
0.000000,
0.000000,
21.503260,
61.227989,
73.118378,
45.605564,
0.000000,
0.000000,
0.000000,
0.000000,
43.230659,
43.230659,
0.000000,
0.000000,
0.000000,
38.532600,
55.900078,
55.381516,
0.000000,
0.000000,
0.000000,
68.237724,
70.879395,
55.381516,
0.000000,
0.000000,
3.061363,
13.040606,
17.860544,
2.653196,
0.000000,
0.000000,
12.388786,
12.388786,
0.000000,
0.000000,
0.000000,
0.000000,
12.388786,
12.388786,
0.000000,
0.000000,
0.000000,
0.000000,
0.000000,
0.000000,
0.000000,
0.000000,
0.000000,
0.000000,
0.000000,
0.000000,
0.000000,
0.000000,
0.000000,
0.000000,
0.000000,
0.000000,
0.000000,
0.000000,
0.000000,
0.000000,
0.000000,
0.000000,
0.000000,
0.000000,
0.000000,
0.000000,
0.000000,
6.304667,
6.304667,
0.000000,
0.000000,
0.000000,
0.000000,
6.304667,
6.304667,
0.000000,
0.000000,
0.000000,
0.000000,
0.000000,
0.000000,
0.000000,
0.000000,
0.000000,
0.000000,
0.000000,
0.000000,
0.000000,
0.000000,
0.000000,
0.000000,
0.000000,
0.000000,
0.000000,
0.000000,
0.000000,
31.227646,
31.227646,
58.977654,
58.977654,
0.000000,
0.000000,
0.000000,
0.000000,
36.036903,
36.036903,
0.000000,
0.000000,
25.311024,
39.851524,
37.033264,
0.000000,
0.000000,
0.000000,
0.000000,
10.449413,
0.000000,
0.000000,
0.000000,
0.000000,
0.000000,
0.000000,
0.000000,
0.000000,
0.000000,
0.000000,
0.000000,
0.000000,
0.000000,
0.000000,
0.000000,
2.783548,
6.187202,
0.000000,
17.441654,
0.000000,
0.000000,
0.000000,
28.232647,
28.232647,
39.865852,
28.964890,
0.000000,
0.000000,
31.886463,
32.360817,
5.935286,
5.935286,
4.821777,
0.000000,
14.865545,
14.865545,
0.000000,
0.000000,
0.000000,
0.000000,
14.865545,
14.865545,
0.000000,
0.000000,
0.000000,
0.000000,
23.038084,
23.038084,
0.000000,
0.000000,
0.313702,
0.000000,
0.000000,
0.000000,
12.915490,
6.225536,
0.000000,
0.000000,
3.270134,
3.270134,
0.000000,
0.000000,
0.000000,
0.000000,
0.000000,
0.000000,
0.000000,
0.000000,
0.000000,
0.000000,
0.000000,
0.000000,
0.000000,
0.000000,
0.000000,
0.000000,
0.000000,
0.000000,
0.000000,
7.450908,
0.000000,
2.795181,
0.000000,
53.735962,
53.735962,
41.808956,
0.000000,
0.000000,
0.000000,
0.000000,
0.000000,
0.000000,
0.000000,
0.000000,
7.175030,
7.175030,
4.070920,
0.000000,
0.000000,
0.000000,
8.741974,
12.920149,
4.070920,
0.000000,
0.000000,
0.000000,
0.000000,
0.000000,
0.000000,
0.000000,
0.000000,
0.000000,
0.000000,
0.000000,
0.000000,
0.000000,
0.000000,
0.000000,
0.000000,
0.000000,
0.000000,
0.000000,
0.000000,
0.000000,
0.000000,
0.000000,
0.000000,
0.000000,
0.000000,
0.000000,
0.000000,
0.000000,
0.000000,
0.000000,
0.000000,
0.000000,
0.000000,
0.000000,
0.000000,
0.000000,
0.000000,
0.000000,
0.000000,
0.000000,
0.000000,
0.000000,
0.000000,
0.000000,
0.000000,
0.000000,
0.000000,
0.000000,
0.000000,
0.000000,
0.000000,
0.000000,
0.000000,
0.000000,
0.000000,
0.000000,
0.000000,
0.000000,
0.000000,
0.000000,
0.000000,
0.000000,
4.640440,
15.600606,
15.600606,
0.000000,
0.000000,
0.000000,
0.000000,
1.355713,
1.355713,
0.000000,
0.000000,
0.000000,
0.000000,
0.000000,
0.000000,
0.000000,
0.000000,
0.000000,
0.000000,
0.000000,
0.000000,
0.000000,
0.000000,
0.000000,
0.000000,
0.000000,
0.000000,
0.000000,
0.000000,
0.000000,
3.202126,
48.834465,
36.116817,
0.000000,
0.000000,
0.000000,
8.075879,
80.217773,
80.217773,
0.000000,
0.000000,
0.000000,
0.000000,
75.264343,
75.264343,
0.000000,
0.000000,
0.000000,
0.000000,
0.000000,
0.000000,
0.000000,
0.000000,
0.000000,
0.000000,
8.233911,
4.995508,
0.000000,
0.000000,
0.000000,
0.000000,
12.686003,
12.686003,
0.000000,
0.000000,
2.040329,
0.000000,
0.000000,
0.000000,
7.293473,
0.000000,
0.000000,
0.000000,
0.000000,
0.000000,
0.000000,
0.000000,
0.000000,
0.000000,
0.000000,
0.000000,
0.000000,
0.000000,
0.000000,
0.000000,
0.000000,
0.000000,
0.000000,
0.000000,
0.000000,
0.000000,
0.000000,
0.000000,
0.000000,
0.000000,
0.000000,
0.000000,
0.000000,
0.000000,
0.000000,
0.000000,
0.000000,
11.210148,
11.210148,
12.923232,
12.923232,
0.065399,
0.000000,
29.879967,
139.451889,
139.451889,
0.000000,
0.000000,
0.000000,
47.356243,
188.564148,
188.564148,
0.000000,
0.000000,
0.000000,
3.354351,
56.301228,
53.770302,
0.000000,
0.000000,
0.000000,
0.000000,
0.000000,
0.000000,
0.000000,
0.000000,
0.000000,
0.000000,
4.804882,
0.000000,
0.000000,
0.000000,
0.000000,
0.000000,
75.771843,
75.771843,
17.925415,
0.000000,
0.000000,
0.000000,
75.995461,
75.995461,
25.843985,
0.000000,
0.000000,
0.000000,
0.000000,
5.879528,
0.000000,
0.000000,
0.000000,
0.000000,
0.000000,
0.000000,
0.000000,
0.000000,
0.000000,
0.000000,
0.000000,
0.000000,
0.000000,
0.000000,
0.000000,
0.000000,
0.000000,
0.000000,
0.178670,
0.000000,
0.000000,
0.000000,
0.000000,
0.000000,
0.000000,
0.000000,
0.000000,
0.000000,
0.000000,
0.000000,
2.423176,
0.000000,
0.000000,
0.000000,
0.000000,
0.000000,
1.443941,
0.000000,
0.000000,
0.000000,
0.000000,
0.000000,
0.000000,
0.000000,
0.000000,
0.000000,
0.000000,
0.000000,
0.000000,
0.000000,
7.456231,
0.000000,
0.000000,
0.000000,
15.530154,
15.530154,
0.000000,
3.841070,
3.841070,
0.000000,
0.000000,
0.000000,
0.000000,
0.000000,
43.490788,
43.490788,
0.000000,
0.000000,
0.000000,
0.000000,
43.490788,
43.490788,
0.000000,
0.000000,
0.000000,
0.000000,
0.000000,
0.000000,
0.000000,
0.000000,
0.000000,
0.000000,
0.000000,
0.000000,
0.000000,
0.000000,
0.000000,
0.000000,
0.000000,
0.000000,
0.000000,
0.000000,
15.391575,
5.929302,
0.000000,
0.000000,
11.750305,
15.786624,
0.000000,
0.000000,
0.000000,
0.000000,
0.000000,
0.000000,
0.000000,
0.000000,
0.000000,
0.000000,
0.000000,
0.000000,
0.000000,
0.000000,
9.242287,
0.000000,
0.000000,
0.000000,
0.073267,
0.000000,
52.714622,
65.584435,
40.200581,
0.000000,
5.867658,
0.000000,
78.050888,
103.293015,
65.831429,
0.000000,
0.000000,
0.000000,
0.000000,
0.000000,
0.000000,
0.000000,
0.000000,
0.000000,
0.000000,
0.000000,
0.000000,
0.000000,
0.000000,
0.000000,
0.000000,
0.000000,
0.000000,
0.000000,
0.000000,
0.000000,
0.000000,
0.000000,
0.000000,
0.000000,
0.000000,
0.000000,
7.320357,
0.000000,
0.000000,
0.000000,
0.000000,
0.000000,
3.951524,
0.000000,
0.000000,
0.000000,
0.000000,
0.000000,
0.000000,
0.000000,
0.000000,
0.000000,
0.000000,
0.000000,
37.458664,
37.458664,
0.000000,
0.000000,
0.000000,
0.000000,
0.000000,
0.000000,
0.000000,
0.000000,
0.000000,
0.000000,
0.000000,
0.000000,
0.000000,
0.000000,
0.000000,
0.000000,
0.000000,
0.000000,
0.000000,
0.000000,
0.000000,
0.000000,
0.000000,
0.000000,
0.000000,
0.000000,
0.000000,
0.000000,
30.330276,
30.330276,
0.000000,
0.000000,
0.000000,
0.000000,
54.796963,
54.796963,
0.000000,
0.000000,
0.000000,
0.000000,
0.000000,
0.000000,
0.000000,
0.000000,
0.000000,
0.000000,
0.000000,
0.000000,
0.000000,
0.000000,
0.000000,
0.000000,
0.000000,
0.000000,
0.000000,
0.000000,
0.000000,
13.291254,
13.291254,
0.000000,
16.574286,
13.965611,
0.000000,
0.000000,
0.000000,
0.000000,
0.000000,
0.000000,
0.000000,
0.000000,
0.000000,
0.000000,
0.000000,
0.000000,
0.000000,
0.000000,
0.000000,
0.000000,
0.000000,
0.000000,
0.000000,
0.000000,
0.000000,
0.000000,
0.000000,
0.000000,
0.000000,
0.000000,
0.000000,
0.000000,
0.000000,
0.000000,
0.000000,
0.000000,
0.000000,
0.000000,
0.000000,
0.000000,
1.502467,
26.949707,
46.418736,
26.301586,
10.288039,
0.000000,
0.000000,
2.044897,
26.301586,
26.301586,
10.288039,
0.000000,
0.000000,
0.000000,
2.639210,
2.639210,
1.472845,
0.000000,
0.000000,
6.415951,
6.415951,
2.639210,
1.472845,
0.000000,
0.000000,
20.385895,
20.385895,
0.000000,
0.000000,
0.000000,
0.000000,
3.539870,
3.539870,
0.000000,
0.000000,
0.000000,
0.000000,
39.462677,
39.462677,
21.446390,
21.446390,
15.288189,
0.000000,
20.138603,
92.626915,
92.626915,
14.762659,
0.000000,
0.000000,
0.000000,
92.626915,
92.626915,
0.000000,
0.000000,
0.000000,
0.000000,
0.000000,
0.000000,
0.000000,
0.000000,
0.000000,
0.000000,
0.000000,
0.000000,
0.000000,
0.000000,
5.477521,
12.883444,
12.883444,
2.136397,
0.000000,
0.000000,
0.000000,
0.000000,
0.000000,
0.000000,
0.000000,
0.000000,
0.000000,
0.000000,
0.000000,
0.000000,
0.000000,
0.000000,
0.000000,
0.000000,
0.000000,
0.000000,
0.000000,
0.000000,
0.000000,
0.000000,
0.000000,
0.000000,
0.000000,
0.000000,
0.000000,
0.000000,
0.000000,
0.000000,
0.000000,
0.000000,
0.000000,
0.000000,
0.000000,
0.000000,
0.000000,
0.000000,
0.000000,
0.000000,
70.000198,
70.000198,
0.000000,
0.000000,
0.000000,
0.000000,
17.942345,
17.942345,
0.000000,
0.000000,
0.000000,
0.000000,
0.000000,
0.000000,
0.000000,
0.000000,
0.000000,
0.000000,
0.000000,
0.000000,
0.000000,
0.000000,
0.000000,
0.000000,
0.000000,
0.000000,
0.000000,
0.000000,
1.776897,
0.000000,
0.000000,
0.000000,
0.000000,
0.000000,
0.000000,
0.000000,
0.000000,
0.000000,
0.000000,
0.000000,
0.000000,
0.000000,
77.896156,
77.896156,
0.000000,
0.000000,
0.000000,
0.000000,
79.257317,
79.257317,
0.000000,
0.000000,
0.000000,
0.000000,
0.000000,
0.000000,
0.000000,
0.000000,
0.000000,
0.000000,
0.000000,
0.000000,
0.000000,
0.000000,
0.000000,
0.000000,
0.000000,
0.000000,
0.000000,
0.000000,
0.000000,
0.000000,
4.231063,
4.231063,
0.000000,
0.000000,
0.000000,
0.000000,
4.231063,
4.231063,
0.000000,
0.000000,
0.000000,
0.000000,
0.000000,
0.000000,
0.000000,
0.000000,
0.000000,
0.000000,
0.000000,
0.000000,
0.000000,
0.000000,
0.000000,
0.000000,
0.000000,
0.000000,
0.000000,
0.000000,
0.000000,
0.000000,
1.593210,
1.593210,
0.000000,
0.000000,
0.000000,
0.000000,
0.000000,
0.000000,
0.000000,
0.000000,
0.000000,
0.000000,
0.000000,
0.000000,
0.000000,
0.000000,
0.000000,
0.000000,
0.000000,
0.000000,
0.000000,
0.000000,
0.000000,
0.000000,
0.000000,
0.000000,
0.000000,
0.000000,
0.000000,
0.000000,
0.000000,
0.000000,
0.000000,
0.000000,
6.600711,
0.000000,
0.000000,
0.000000,
0.000000,
0.000000,
0.000000,
0.000000,
0.000000,
0.000000,
0.000000,
0.000000,
2.587317,
0.000000,
0.000000,
25.126551,
25.126551,
0.000000,
2.587317,
0.000000,
0.000000,
25.126551,
25.126551,
0.000000,
0.000000,
0.000000,
0.000000,
0.000000,
0.000000,
0.000000,
0.000000,
0.000000,
0.000000,
0.000000,
0.000000,
0.000000,
2.783454,
0.000000,
0.000000,
8.646933,
15.218312,
0.000000,
0.000000,
0.000000,
0.000000,
110.421814,
110.421814,
0.000000,
0.000000,
0.000000,
0.000000,
110.421814,
110.421814,
0.000000,
0.000000,
0.000000,
0.000000,
0.000000,
0.000000,
0.000000,
0.000000,
0.000000,
0.000000,
0.000000,
0.000000,
0.000000,
0.000000,
0.000000,
0.000000,
0.000000,
0.000000,
0.000000,
2.563487,
10.266914,
10.266914,
0.000000,
0.000000,
0.857558,
0.000000,
7.227734,
7.227734,
22.412415,
26.601034,
0.000000,
0.000000,
0.000000,
0.000000,
80.889618,
80.889618,
0.000000,
0.000000,
5.550592,
5.550592,
72.704094,
72.704094,
0.000000,
0.000000,
5.550592,
5.550592,
0.000000,
0.000000,
0.000000,
0.000000,
0.000000,
0.000000,
0.000000,
17.813816,
0.000000,
0.000000,
1.331003,
10.568919,
0.000000,
28.377466,
0.000000,
0.000000,
0.000000,
54.931934,
54.931934,
0.000000,
0.000000,
0.000000,
0.000000,
54.931934,
54.931934,
0.000000,
0.000000,
0.000000,
0.000000,
0.000000,
0.000000,
0.000000,
0.000000,
0.000000,
0.000000,
0.000000,
0.000000,
0.000000,
0.000000,
0.000000,
0.000000,
0.000000,
0.000000,
0.000000,
0.000000,
0.000000,
0.000000,
0.000000,
0.000000,
0.000000,
0.000000,
0.000000,
14.553462,
14.553462,
0.000000,
0.000000,
0.000000,
0.000000,
14.553462,
14.553462,
0.000000,
0.000000,
0.000000,
0.000000,
13.106894,
13.106894,
0.000000,
0.000000,
0.000000,
0.000000,
10.462702,
10.462702,
0.000000,
0.000000,
0.000000,
0.000000,
0.000000,
0.000000,
0.000000,
24.604502,
0.000000,
0.000000,
0.000000,
0.000000,
24.790688,
24.790688,
0.000000,
0.000000,
0.000000,
55.346035,
55.346035,
20.615894,
0.000000,
11.893076,
0.000000,
55.346035,
55.346035,
20.615894,
0.000000,
11.893076,
0.000000,
2.163769,
2.163769,
0.000000,
0.000000,
0.000000,
0.000000,
17.390366,
10.090193,
0.000000,
0.000000,
0.000000,
0.000000,
48.763683,
48.763683,
9.726717,
0.000000,
0.000000,
0.000000,
48.763683,
48.763683,
9.726717,
0.000000,
0.000000,
0.000000,
0.000000,
0.880034,
0.000000,
0.000000,
0.000000,
0.000000,
0.000000,
0.000000,
0.000000,
0.000000,
0.000000,
0.000000,
44.122578,
44.122578,
0.000000,
0.000000,
0.000000,
0.000000,
44.122578,
44.122578,
0.000000,
0.000000,
0.000000,
0.000000,
0.000000,
0.000000,
0.000000,
0.000000,
0.000000,
0.000000,
0.000000,
0.000000,
0.000000,
17.174337,
0.000000,
0.000000,
27.467443,
29.977985,
15.461213,
0.000000,
0.000000,
0.000000,
0.000000,
15.461213,
15.461213,
0.000000,
0.000000,
0.000000,
0.000000,
0.000000,
0.000000,
0.000000,
0.000000,
0.000000,
0.000000,
0.000000,
0.000000,
0.000000,
0.000000,
0.000000,
0.000000,
0.000000,
0.000000,
0.000000,
0.000000,
0.000000,
2.262224,
0.000000,
0.000000,
0.000000,
0.000000,
6.031082,
51.414162,
30.621325,
9.542421,
0.000000,
0.000000,
76.486435,
203.954132,
203.954132,
68.834984,
0.000000,
0.000000,
76.486435,
203.954132,
203.954132,
75.297150,
0.000000,
0.000000,
11.048553,
113.984596,
114.629227,
49.945572,
0.000000,
0.000000,
0.000000,
6.223650,
37.372318,
37.372318,
0.000000,
0.000000,
0.000000,
6.223650,
28.065580,
15.710949,
0.000000,
0.000000,
0.000000,
0.000000,
10.589847,
21.109961,
0.000000,
0.000000,
46.477009,
68.676788,
68.676788,
16.378014,
0.000000,
0.000000,
53.381626,
110.630241,
110.630241,
16.378014,
0.000000,
0.000000,
20.479845,
49.386806,
42.884720,
0.000000,
0.000000,
0.000000,
0.000000,
0.000000,
0.000000,
0.000000,
0.000000,
2.922296,
0.000000,
0.147863,
4.309558,
0.000000,
0.000000,
9.866023,
0.000000,
0.000000,
0.000000,
0.000000,
0.000000,
9.866023,
4.769264,
4.769264,
0.000000,
0.000000,
0.000000,
0.000000,
4.769264,
4.769264,
0.000000,
0.000000,
0.000000,
0.000000,
0.000000,
0.000000,
0.000000,
6.887716,
6.887716,
0.000000,
0.000000,
0.000000,
0.000000,
6.887716,
6.887716,
12.590237,
5.117100,
2.177514,
0.000000,
0.000000,
0.000000,
0.000000,
0.000000,
0.000000,
0.000000,
0.000000,
0.000000,
0.000000,
0.000000,
0.000000,
0.000000,
0.000000,
0.000000,
0.000000,
0.000000,
0.000000,
0.000000,
0.000000,
0.000000,
0.000000,
0.000000,
0.000000,
9.368103,
6.641614,
0.000000,
0.000000,
0.000000,
34.709488,
52.887089,
34.144501,
0.000000,
0.000000,
0.000000,
48.983593,
52.887089,
25.420786,
0.000000,
0.000000,
0.000000,
0.000000,
0.000000,
0.000000,
0.000000,
0.000000,
0.000000,
0.000000,
0.000000,
0.000000,
0.000000,
0.000000,
0.000000,
0.000000,
0.000000,
0.000000,
0.000000,
0.000000,
0.000000,
3.304682,
0.000000,
0.000000,
0.000000,
0.000000,
0.000000,
45.602436,
66.693504,
61.509724,
0.000000,
0.000000,
0.000000,
65.481232,
83.137917,
61.509724,
0.000000,
0.000000,
0.000000,
0.000000,
0.000000,
0.000000,
0.000000,
0.000000,
0.000000,
0.000000,
0.000000,
0.000000,
0.000000,
0.000000,
20.630180,
20.630180,
0.000000,
0.000000,
0.000000,
0.000000,
5.572181,
5.572181,
0.000000,
0.000000,
0.000000,
0.000000,
0.000000,
0.000000,
0.000000,
0.000000,
0.000000,
0.858219,
0.000000,
0.000000,
0.000000,
0.029619,
0.000000,
0.000000,
51.792431,
51.792431,
16.205942,
16.205942,
0.000000,
0.000000,
17.052889,
17.052889,
1.830422,
1.830422,
0.000000,
0.000000,
0.000000,
0.000000,
2.802675,
2.802675,
0.000000,
0.000000,
0.000000,
0.000000,
1.242806,
1.242806,
0.000000,
0.000000,
0.000000,
0.000000,
0.000000,
0.000000,
0.000000,
0.000000,
0.000000,
0.000000,
0.000000,
0.000000,
0.000000,
0.000000,
0.000000,
0.000000,
12.026793,
12.026793,
0.000000,
0.000000,
0.000000,
0.000000,
0.000000,
0.000000,
0.000000,
0.000000,
6.154069,
90.248245,
90.248245,
5.218050,
0.000000,
0.000000,
10.237778,
90.248245,
90.248245,
35.471348,
0.948932,
0.000000,
9.658580,
97.597244,
128.060699,
103.747025,
0.948932,
0.000000,
0.000000,
97.597244,
128.060699,
103.747025,
0.000000,
0.000000,
0.000000,
0.000000,
4.028977,
0.000000,
0.000000,
0.000000,
0.000000,
0.000000,
0.000000,
0.000000,
0.000000,
0.000000,
0.000000,
0.000000,
0.000000,
0.000000,
0.000000,
0.000000,
0.000000,
0.000000,
0.000000,
0.000000,
0.000000,
0.000000,
0.000000,
0.000000,
0.000000,
0.000000,
0.000000,
0.000000,
0.000000,
0.000000,
0.000000,
0.000000,
0.000000,
0.000000,
5.788065,
23.493935,
0.000000,
0.000000,
0.000000,
0.000000,
1.383447,
23.493935,
0.000000,
0.000000,
4.933827,
0.000000,
0.000000,
0.000000,
0.000000,
0.000000,
3.051534,
0.000000,
0.000000,
0.000000,
0.000000,
0.000000,
0.000000,
0.000000,
0.000000,
0.000000,
0.000000,
0.000000,
0.000000,
0.000000,
0.000000,
0.000000,
0.000000,
0.000000,
0.000000,
0.000000,
0.000000,
12.451754,
12.451754,
0.000000,
0.000000,
0.000000,
0.000000,
12.451754,
12.451754,
0.000000,
0.000000,
0.000000,
0.000000,
0.000000,
0.000000,
0.000000,
0.000000,
0.000000,
0.000000,
0.000000,
0.000000,
0.000000,
0.000000,
0.000000,
0.000000,
0.000000,
0.000000,
0.000000,
0.000000,
10.705467,
6.511634,
0.000000,
0.000000,
0.000000,
0.000000,
0.000000,
0.000000,
97.385826,
97.385826,
0.000000,
0.000000,
0.000000,
0.000000,
106.819839,
106.819839,
0.000000,
0.000000,
0.000000,
0.000000,
73.652542,
73.652542,
2.324550,
0.000000,
0.000000,
0.000000,
0.000000,
0.000000,
0.000000,
0.000000,
0.000000,
0.000000,
0.000000,
0.000000,
0.000000,
0.000000,
0.000000,
0.000000,
0.000000,
0.000000,
0.000000,
0.000000,
0.000000,
0.000000,
7.517056,
7.517056,
0.000000,
0.000000,
0.000000,
0.000000,
7.517056,
7.517056,
0.000000,
0.000000,
0.000000,
0.000000,
0.000000,
0.000000,
0.000000,
0.000000,
0.000000,
0.000000,
0.000000,
0.000000,
0.000000,
0.000000,
0.000000,
0.000000,
0.000000,
0.000000,
0.000000,
0.000000,
0.000000,
0.000000,
2.286814,
7.927573,
1.071471,
0.000000,
0.000000,
0.000000,
0.000000,
0.000000,
0.000000,
0.000000,
0.000000,
0.000000,
0.000000,
0.000000,
0.000000,
0.000000,
0.000000,
0.000000,
0.000000,
0.000000,
0.000000,
0.000000,
0.000000,
0.000000,
0.000000,
0.000000,
0.000000,
0.000000,
0.000000,
0.000000,
0.000000,
0.000000,
0.000000,
0.000000,
0.989968,
11.017947,
8.767802,
0.000000,
0.000000,
10.246719,
0.000000,
0.000000,
12.850698,
12.850698,
0.000000,
0.000000,
0.000000,
0.000000,
12.850698,
12.850698,
0.000000,
0.000000,
0.000000,
0.000000,
0.000000,
0.000000,
0.000000,
0.000000,
0.000000,
0.000000,
0.000000,
0.000000,
0.000000,
0.000000,
0.000000,
0.000000,
0.000000,
0.000000,
0.000000,
0.000000,
0.000000,
0.000000,
0.000000,
0.000000,
0.000000,
0.000000,
0.000000,
4.140625,
27.155399,
27.155399,
0.000000,
0.000000,
0.000000,
0.000000,
0.000000,
0.000000,
0.000000,
0.000000,
0.000000,
0.000000,
0.000000,
0.000000,
5.765381,
0.000000,
0.000000,
0.000000,
0.000000,
0.000000,
0.000000,
0.000000,
0.000000,
0.000000,
0.000000,
0.000000,
0.000000,
0.000000,
0.000000,
0.000000,
0.000000,
0.000000,
0.000000,
0.000000,
0.000000,
5.791791,
31.760710,
9.226879,
0.000000,
0.000000,
0.000000,
23.779961,
31.760710,
9.226879,
0.000000,
0.000000,
0.000000,
5.978132,
5.978132,
0.000000,
0.000000,
0.000000,
0.000000,
12.971643,
53.423706,
48.786015,
14.191786,
0.000000,
0.000000,
12.971643,
61.981815,
66.583519,
41.205135,
0.000000,
0.000000,
21.923870,
101.994987,
120.374283,
80.990837,
0.000000,
0.000000,
0.000000,
0.000000,
0.000000,
0.000000,
0.000000,
0.000000,
0.000000,
0.000000,
0.000000,
0.000000,
0.000000,
0.000000,
0.000000,
0.000000,
0.000000,
0.000000,
0.000000,
0.000000,
0.000000,
0.000000,
0.000000,
0.000000,
0.000000,
0.000000,
0.000000,
0.000000,
0.000000,
0.000000,
0.000000,
0.000000,
0.000000,
0.000000,
0.000000,
0.000000,
0.000000,
0.000000,
0.000000,
0.000000,
0.000000,
0.000000,
0.000000,
0.000000,
0.000000,
0.000000,
0.000000,
0.000000,
0.000000,
0.000000,
0.000000,
0.000000,
0.000000,
0.000000,
0.000000,
0.000000,
0.000000,
0.000000,
0.000000,
0.000000,
0.000000,
0.000000,
0.000000,
0.000000,
0.000000,
0.000000,
0.000000,
0.000000,
3.261910,
5.108797,
0.000000,
0.000000,
0.000000,
0.000000,
13.277454,
13.277454,
0.556237,
0.556237,
0.000000,
0.000000,
6.427940,
6.427940,
0.000000,
0.000000,
0.000000,
0.000000,
0.000000,
0.000000,
0.000000,
0.000000,
0.000000,
0.000000,
0.000000,
0.000000,
0.000000,
0.000000,
0.000000,
0.000000,
0.000000,
0.000000,
0.000000,
0.000000,
0.000000,
0.000000,
0.000000,
0.000000,
0.000000,
0.000000,
0.000000,
0.000000,
0.000000,
0.000000,
26.822529,
26.822529,
0.000000,
0.000000,
0.000000,
0.000000,
26.822529,
26.822529,
0.000000,
0.000000,
0.000000,
0.000000,
0.000000,
0.000000,
0.000000,
0.000000,
0.000000,
0.000000,
0.000000,
0.000000,
0.000000,
0.000000,
0.000000,
0.000000,
0.000000,
0.000000,
0.000000,
0.000000,
0.000000,
0.000000,
0.000000,
0.000000,
0.000000,
0.000000,
0.000000,
0.000000,
0.000000,
0.000000,
0.000000,
0.000000,
46.856579,
154.992310,
135.960007,
0.000000,
0.000000,
0.000000,
46.856579,
154.992310,
138.447968,
0.000000,
0.000000,
0.000000,
0.000000,
10.034964,
6.372127,
0.000000,
0.000000,
0.000000,
0.000000,
0.000000,
0.000000,
0.000000,
0.000000,
0.000000,
0.000000,
0.000000,
0.000000,
0.000000,
0.000000,
1.033450,
4.370082,
4.370082,
5.040915,
6.487674,
0.000000,
0.000000,
0.000000,
0.000000,
5.040915,
6.487674,
0.000000,
0.000000,
0.000000,
36.727413,
41.938507,
1.796098,
0.000000,
0.000000,
0.000000,
22.586100,
29.081945,
0.000000,
0.000000,
0.000000,
0.000000,
0.000000,
0.000000,
0.000000,
0.000000,
0.000000,
0.000000,
0.000000,
0.000000,
0.000000,
0.000000,
0.000000,
0.000000,
0.000000,
0.000000,
0.000000,
0.000000,
0.000000,
0.000000,
16.978813,
0.000000,
0.000000,
0.000000,
0.000000,
0.000000,
0.000000,
0.000000,
0.000000,
0.000000,
0.000000,
0.000000,
0.000000,
0.000000,
0.000000,
0.000000,
0.000000,
0.000000,
0.000000,
0.000000,
0.000000,
0.000000,
0.000000,
0.000000,
0.000000,
0.000000,
0.000000,
0.000000,
0.000000,
0.000000,
0.000000,
0.000000,
0.000000,
0.000000,
0.000000,
35.493645,
35.493645,
16.212645,
16.212645,
0.000000,
0.000000,
35.493645,
35.493645,
16.212645,
16.212645,
0.000000,
0.000000,
22.365072,
22.365072,
0.000000,
0.000000,
0.000000,
0.000000,
22.365072,
22.365072,
0.000000,
0.000000,
0.000000,
0.000000,
0.000000,
0.000000,
0.000000,
0.000000,
0.000000,
3.528860,
18.200123,
18.200123,
0.000000,
0.000000,
0.000000,
0.000000,
81.154922,
81.154922,
58.743462,
58.743462,
0.000000,
0.000000,
76.968796,
76.968796,
58.743462,
58.743462,
0.000000,
0.000000,
29.557392,
29.557392,
15.778286,
43.139191,
14.386076,
0.000000,
0.000000,
17.172581,
44.769554,
63.279015,
21.626204,
4.423863,
0.000000,
12.004560,
44.769554,
44.769554,
0.000000,
0.000000,
50.543900,
63.441193,
50.177692,
50.177692,
0.000000,
0.000000,
0.000000,
0.000000,
40.746536,
40.746536,
0.000000,
0.000000,
0.000000,
0.000000,
0.000000,
0.000000,
0.000000,
0.000000,
0.000000,
0.000000,
0.000000,
0.000000,
0.000000,
0.000000,
0.000000,
0.000000,
0.000000,
0.000000,
0.000000,
6.123336,
0.000000,
0.000000,
7.744033,
0.000000,
0.000000,
0.000000,
0.000000,
18.786495,
18.786495,
0.000000,
0.000000,
5.505862,
0.000000,
18.786495,
18.786495,
0.000000,
3.064863,
5.505862,
0.000000,
0.000000,
0.000000,
0.000000,
2.337991,
0.000000,
0.000000,
0.000000,
0.000000,
0.000000,
0.000000,
0.000000,
0.000000,
0.000000,
0.000000,
0.000000,
0.000000,
22.534540,
20.619078,
0.000000,
0.000000,
19.427406,
15.286795,
4.320333,
0.000000,
0.000000,
0.000000,
0.000000,
9.008615,
28.312674,
0.000000,
0.000000,
0.000000,
0.000000,
10.577424,
28.312674,
0.000000,
0.000000,
0.000000,
0.000000,
10.577424,
15.441092,
0.000000,
0.000000,
0.000000,
0.000000,
0.000000,
0.000000,
0.000000,
0.000000,
0.000000,
0.000000,
0.000000,
9.696964,
0.000000,
0.000000,
0.000000,
0.000000,
14.248859,
0.000000,
25.171774,
25.171774,
55.873989,
55.873989,
0.000000,
0.000000,
10.167019,
10.167019,
55.873989,
55.873989,
0.000000,
0.000000,
17.392050,
33.593384,
24.798346,
0.000000,
0.000000,
0.000000,
6.800875,
17.181507,
10.833007,
0.000000,
0.000000,
0.000000,
0.000000,
0.000000,
0.000000,
0.000000,
0.000000,
0.000000,
0.000000,
6.011335,
0.000000,
0.000000,
0.000000,
0.000000,
0.000000,
0.000000,
0.000000,
0.000000,
0.000000,
0.000000,
0.000000,
0.000000,
0.000000,
0.000000,
2.202744,
0.000000,
0.000000,
0.000000,
0.000000,
0.000000,
0.000000,
0.000000,
0.000000,
0.000000,
2.371388,
2.371388,
0.000000,
0.000000,
0.000000,
0.000000,
8.878925,
8.878925,
0.000000,
22.529316,
0.000000,
0.000000,
0.000000,
0.000000,
17.587484,
0.000000,
9.446099,
9.446099,
0.000000,
0.000000,
0.000000,
0.000000,
0.000000,
0.000000,
0.000000,
0.000000,
0.000000,
0.000000,
0.000000,
0.000000,
0.000000,
0.000000,
0.000000,
0.000000,
0.000000,
0.000000,
0.000000,
0.000000,
0.000000,
0.000000,
0.000000,
0.000000,
0.000000,
0.000000,
0.000000,
0.000000,
0.000000,
12.374636,
7.928958,
0.000000,
0.000000,
8.411404,
5.024219,
24.181293,
14.006721,
0.000000,
0.000000,
0.000000,
5.024219,
24.181293,
17.718658,
0.000000,
0.000000,
0.000000,
0.000000,
0.000000,
0.000000,
0.000000,
0.000000,
0.000000,
0.000000,
0.000000,
0.000000,
0.000000,
0.000000,
0.000000,
0.000000,
0.000000,
0.000000,
0.000000,
0.000000,
0.000000,
0.000000,
0.000000,
0.000000,
0.000000,
0.000000,
0.000000,
0.000000,
0.000000,
0.000000,
0.000000,
0.000000,
0.000000,
0.000000,
64.139542,
64.139542,
0.000000,
0.000000,
0.000000,
0.000000,
64.139542,
64.139542,
0.000000,
0.000000,
0.000000,
0.000000,
0.000000,
0.000000,
0.000000,
0.000000,
0.000000,
0.000000,
0.000000,
0.000000,
0.000000,
0.000000,
0.000000,
0.000000,
0.000000,
0.000000,
0.000000,
0.000000,
