0.9829567671
1.0429269075
1.1456984282
0.8356236815
0.9778584838
1.1927505732
0.8919094205
1.0642549992
1.1477905512
0.8460358977
0.8722752929
0.9573161602
1.1808826923
0.9883933067
1.0591179132
1.0999143124
1.1603827477
1.0621204376
0.7977936864
1.1534218788
0.9840863943
1.3318451643
1.4172540903
1.5001200438
0.9738153219
1.0670564175
0.9528587461
1.0339028835
1.1519337893
1.2920668125
0.9922364354
0.9196193218
0.9469007254
1.0724680424
1.1896040440
1.3153384924
1.0080623627
1.2074700594
1.3575170040
1.0255508423
0.9198241830
1.1436660290
1.0618166924
1.1701991558
0.7806476355
1.0127745867
1.2373417616
0.9899832606
0.9101372361
1.3437390327
1.0432609320
0.8652966619
1.1645452976
0.9663363099
0.9403759241
1.1668879986
1.0141906738
0.8674211502
1.3033795357
1.2345405817
1.2931637764
0.7471733689
0.8243104219
0.8758877516
0.9955781698
1.1037607193
0.9367150068
0.7234857678
1.0874481201
0.9872515202
1.3446911573
0.8518958688
1.2536770105
0.9716638327
1.2361472845
0.9657721519
1.0720102787
0.9691790342
0.8298751712
1.1413228512
1.0738842487
1.2008798122
0.9106513262
0.9576431513
0.8821871281
1.3647017479
1.1256752014
1.0327391624
1.1424231529
1.0075305700
1.2444684505
1.0527728796
1.0959014893
1.1177778244
1.3784166574
1.0514431000
1.0922400951
1.2844332457
0.9535146952
1.0017958879
0.8896984458
0.9982054234
0.7993787527
1.1831411123
1.2609987259
1.2074773312
1.1154160500
1.1129570007
1.0324091911
1.0147317648
0.9168068171
0.9096481800
1.3110843897
1.0501259565
0.9919113517
0.9873341322
1.1177808046
0.9089132547
1.1142255068
1.1682153940
0.9861285686
1.0111312866
1.0095895529
1.0598741770
0.9188241959
1.0816367865
1.0643939972
1.3803452253
1.1053910255
0.8345866799
1.1030359268
0.9947716594
1.1653387547
0.9819651246
1.3268142939
0.9631026387
0.7908180952
0.7669594884
1.2206940651
1.1390908957
1.0595881939
1.0686497688
1.0004665852
1.2703838348
1.2094868422
1.0609652996
0.9309926629
0.8653191328
1.1194820404
0.9638574123
1.1606199741
1.0013310909
1.0606015921
1.0889012814
1.2000564337
1.1465876102
1.5798166990
1.1352642775
0.8902146816
1.4398989677
0.9599219561
0.8470314145
0.9444471598
0.9278397560
1.0634216070
1.0892353058
1.0549523830
1.1078584194
0.9892197847
1.1036268473
0.6231511831
1.0505946875
1.0352114439
0.8677497506
0.6618438959
1.0787558556
0.8417937756
1.0441757441
1.1581722498
0.7145966291
1.0849958658
1.2666831017
1.1664406061
0.9646599889
1.0664103031
1.7417377234
1.5850306749
0.7805535793
0.9940800667
0.7230939865
0.7354264259
1.0256824493
1.0505383015
0.7665602565
0.9058879018
0.7055064440
0.8687424064
1.1076110601
1.1696345806
0.9932802320
1.0307880640
1.0515170097
1.6445056200
0.9124438167
1.0587159395
1.0509353876
1.0974425077
1.0247372389
1.3749604225
1.0260583162
0.8691831827
1.3947019577
0.8597648740
1.5490285158
0.9244435430
1.0311363935
0.9879786372
0.9921689630
1.1185982227
1.2621526718
0.8294971585
0.8678569794
0.9544828534
0.9144579768
1.0347474813
0.9713037610
0.9565539956
0.9243686795
0.9436180592
0.8558795452
1.4450761080
1.2827144861
1.1868605614
0.8257747293
0.9676806927
1.2159242630
1.1367148161
0.7839127183
0.9372972846
1.3118578196
1.4841704369
0.8962690234
1.0169956684
0.8632698655
0.6834936738
0.9140786529
1.1482871771
1.0964412689
1.0001550913
1.2820453644
0.9936205149
0.8363271952
1.4689742327
0.9009429216
1.2524325848
1.2106902599
